0.032640
0.000010
0.000045
0.000038
0.000037
0.008363
0.090936
0.351848
0.052327
0.000024
0.000029
0.000027
0.000031
0.000034
0.000039
0.000031
0.000029
0.000029
0.000032
0.000046
0.000062
0.000053
0.000029
0.029885
0.000005
0.000031
0.005293
0.000054
0.000040
0.000034
0.000047
0.000052
0.000037
0.000036
0.000041
0.000036
0.000035
0.000052
0.000036
0.000035
0.000037
0.000033
0.000034
0.000037
0.012263
0.000041
0.000030
0.000039
0.000035
0.000033
0.000032
0.000042
0.000032
0.000031
0.000031
0.000032
0.000032
0.006770
0.000048
0.000033
0.000036
0.000035
0.000033
0.008987
0.000080
0.000002
0.000027
0.000029
0.006817
0.000039
0.000036
0.000036
0.007780
0.000105
0.000031
0.000037
0.007907
0.000044
0.000036
0.008708
0.000048
0.000039
0.000039
0.007018
0.000031
0.000033
0.000037
0.007995
0.000034
0.000036
0.000035
0.007789
0.000087
0.000039
0.003809
0.000043
0.000036
0.000042
0.012013
0.000034
0.000038
0.000042
0.007894
0.000034
0.000035
0.000041
0.007852
0.000041
0.000037
0.000035
0.007975
0.000042
0.000038
0.000044
0.007764
0.000050
0.000034
0.008464
0.000059
0.000035
0.000033
0.007350
0.000098
0.000052
0.000039
0.007933
0.000035
0.000033
0.000033
0.007716
0.000051
0.000039
0.000036
0.009879
0.000044
0.000032
0.000032
0.001877
0.000038
0.000031
0.012198
0.000076
0.000061
0.000083
0.000061
0.000029
0.000035
0.000031
0.007451
0.000040
0.000031
0.000028
0.007875
0.000048
0.000040
0.000047
0.000033
0.000075
0.000067
0.007654
0.000047
0.000036
0.000036
0.007823
0.000037
0.040633
0.003301
0.044118
0.044048
0.038995
0.004892
0.044026
0.029020
0.190918
0.009116
0.159967
0.006863
0.044089
0.148750
0.027293
0.044000
0.176088
0.152506
0.023553
0.016894
0.774869
0.220032
0.572049
0.263983
0.571864
0.220131
0.377106
0.000042
0.200014
0.000045
0.430778
0.000029
0.220017
0.000087
0.611922
0.000088
0.175706
0.000043
0.440112
0.000040
0.219973
0.000010
0.391970
0.000004
0.175864
0.000035
0.612211
0.000142
0.219646
0.000070
0.823961
0.000042
0.175982
0.000025
0.835998
0.000115
0.215863
0.000048
0.779853
0.000033
0.256056
0.000050
0.783982
0.000071
0.215864
0.000049
0.776007
0.000103
0.219874
0.000015
0.831956
0.000063
0.215913
0.000044
0.564096
0.000014
0.260022
0.000077
0.395822
0.000060
0.219923
0.000051
0.391923
0.000057
0.171960
0.000041
0.611853
0.000094
0.220027
0.000077
0.395846
0.000104
0.220041
0.000071
0.299880
0.000116
0.043885
0.303926
0.169562
0.394380
0.000075
0.263915
0.000035
0.779967
0.000020
0.220001
0.000058
0.310432
0.024669
0.000022
0.000028
0.000032
0.000027
0.000026
0.000029
0.000029
0.000027
0.000028
0.000026
0.006104
0.000042
0.000031
0.000028
0.000025
0.000026
0.000025
0.000027
0.000025
0.000033
0.000027
0.000025
0.000029
0.000025
0.000027
0.018065
0.000033
0.000025
0.000031
0.000034
0.000037
0.000029
0.000029
0.000028
0.000032
0.000032
0.000028
0.000027
0.000028
0.000027
0.000028
0.000030
0.000027
0.000029
0.000027
0.000027
0.000028
0.000030
0.000027
0.000028
0.008924
0.000024
0.000028
0.000026
0.006295
0.000041
0.000036
0.008785
0.000025
0.000032
0.000029
0.000027
0.007000
0.000043
0.000021
0.015786
0.000101
0.000274
0.000038
0.000040
0.007897
0.003083
0.000047
0.000032
0.000029
0.000029
0.000033
0.000028
0.005361
0.000035
0.000033
0.000028
0.000029
0.008336
0.000086
0.000025
0.000026
0.006547
0.000025
0.000036
0.000029
0.011483
0.000032
0.000028
0.000030
0.000298
0.000042
0.000061
0.000028
0.013395
0.000021
0.000028
0.000029
0.000028
0.007001
0.000034
0.000031
0.000025
0.011053
0.000058
0.000031
0.000028
0.000051
0.004104
0.000028
0.000027
0.008704
0.000082
0.000022
0.009526
0.000025
0.000029
0.000034
0.006916
0.000028
0.000024
0.000028
0.009435
0.000031
0.000026
0.000028
0.006307
0.000041
0.000029
0.000033
0.000035
0.000031
0.008213
0.000032
0.000027
0.002182
0.000039
0.000029
0.000028
0.012753
0.000028
0.000027
0.000058
0.000028
0.007439
0.000030
0.000025
0.009816
0.000074
0.000027
0.000030
0.000031
0.005576
0.000030
0.000029
0.000027
0.000026
0.008326
0.000030
0.000030
0.005186
0.000042
0.000067
0.000060
0.000068
0.009970
0.000056
0.000023
0.000025
0.000036
0.000048
0.000027
0.000030
0.000026
0.027927
0.131912
0.044014
0.175973
0.000033
0.045369
0.051463
0.000017
0.000027
0.000025
0.000025
0.000025
0.000025
0.000050
0.000030
0.000031
0.000031
0.000037
0.000030
0.000031
0.000032
0.000033
0.007462
0.000041
0.000342
0.000028
0.000030
0.000027
0.000028
0.000031
0.000022
0.000026
0.000025
0.006714
0.000027
0.000030
0.000027
0.000033
0.000027
0.000027
0.000026
0.007770
0.000038
0.000031
0.000027
0.000034
0.000031
0.000023
0.008222
0.000031
0.000036
0.000030
0.003390
0.000036
0.000033
0.000030
0.012086
0.000036
0.000025
0.000026
0.008845
0.000055
0.000037
0.000027
0.008046
0.000031
0.000033
0.006782
0.000032
0.000028
0.000027
0.008664
0.000132
0.000337
0.000027
0.006781
0.000026
0.000030
0.000037
0.014053
0.000016
0.000034
0.000027
0.002142
0.000020
0.000040
0.000035
0.019380
0.000572
0.000047
0.000031
0.000031
0.000024
0.000033
0.000037
0.040881
0.000035
0.000031
0.000030
0.000029
0.046281
0.000088
0.045134
0.000069
0.000001
0.008336
0.000036
0.000034
0.000028
0.078314
0.000081
0.000026
0.000030
0.000044
0.000027
0.021505
0.000014
0.000033
0.000030
0.000038
0.000028
0.000029
0.000029
0.159894
0.000370
0.000036
0.000030
0.000029
0.000029
0.030198
0.000325
0.000035
0.000033
0.000032
0.000029
0.008599
0.127868
0.000029
0.000028
0.007311
0.000041
0.000040
0.000033
0.000029
0.000031
0.000032
0.000029
0.000029
0.000029
0.043060
0.000040
0.000032
0.000031
0.000031
0.000031
0.000033
0.000031
0.021231
0.027627
0.043114
0.000040
0.000035
0.000036
0.000053
0.000039
0.000033
0.000078
0.028992
0.000046
0.000034
0.000031
0.000030
0.000031
0.000033
0.026702
0.032087
0.000054
0.000055
0.000071
0.029604
0.000065
0.000048
0.000211
0.000161
0.000045
0.000087
0.000030
0.000033
0.010430
0.026622
0.000089
0.000049
0.019688
0.088391
0.000045
0.000038
0.043517
0.021584
0.066778
0.000133
0.000040
0.083957
0.000054
0.000053
0.007368
0.032097
0.012199
0.043883
0.000094
0.000025
0.108661
0.000113
0.000011
0.023056
0.081173
0.007019
0.000101
0.000042
0.000032
0.087544
0.018863
0.000027
0.000038
0.000031
0.000108
0.000044
0.000031
0.000031
0.000030
0.000031
0.000029
0.007723
0.000026
0.000042
0.000030
0.000029
0.000030
0.000027
0.000029
0.000037
0.000034
0.000027
0.000027
0.000026
0.000027
0.008724
0.000030
0.000026
0.000026
0.000026
0.000027
0.000027
0.000025
0.000025
0.000026
0.000025
0.000025
0.000026
0.007635
0.000045
0.000035
0.000028
0.000029
0.000028
0.007807
0.000028
0.000036
0.007985
0.000020
0.000031
0.000028
0.008029
0.000028
0.000027
0.000027
0.000027
0.007779
0.000022
0.000031
0.000029
0.007911
0.000030
0.000042
0.000027
0.003795
0.000026
0.000029
0.000030
0.012061
0.000098
0.000024
0.000030
0.007746
0.000025
0.000031
0.000031
0.008108
0.000038
0.000031
0.000081
0.015065
0.010174
0.000119
0.014412
0.000108
0.019933
0.000019
0.000090
0.000021
0.000044
0.000027
0.000027
0.000025
0.000026
0.000026
0.000027
0.000027
0.000025
0.000025
0.000024
0.000026
0.000029
0.000026
0.000027
0.000025
0.000026
0.000026
0.000032
0.000028
0.033747
0.000119
0.000026
0.002172
0.000032
0.000029
0.000029
0.000030
0.000026
0.000039
0.000029
0.000027
0.000027
0.000026
0.000028
0.000025
0.000036
0.000030
0.000027
0.000026
0.000029
0.000035
0.000025
0.000028
0.000028
0.006454
0.000032
0.000030
0.011543
0.000031
0.006193
0.000028
0.000028
0.000029
0.000026
0.000027
0.000038
0.000029
0.000043
0.000028
0.000024
0.000028
0.018744
0.047922
0.000024
0.004688
0.000029
0.026896
0.000015
0.000029
0.012272
0.000031
0.000034
0.000028
0.000029
0.000042
0.043116
0.020370
0.000024
0.000027
0.022226
0.000037
0.000027
0.001196
0.044038
0.044084
0.000011
0.000029
0.021693
0.000039
0.000029
0.073617
0.026225
0.000083
0.000034
0.063012
0.000099
0.000099
0.000037
0.000036
0.000037
0.000034
0.000036
0.000035
0.000039
0.000074
0.000047
0.015096
0.000058
0.000041
0.000040
0.000046
0.000041
0.000038
0.000039
0.010742
0.000097
0.000036
0.010006
0.046439
0.043806
0.000052
0.000043
0.096518
0.008066
0.000043
0.000043
0.005027
0.100044
0.000066
0.000043
0.098105
0.000043
0.000044
0.127904
0.000053
0.000042
0.087888
0.000071
0.000058
0.131903
0.000038
0.000033
0.087891
0.000038
0.000037
0.088052
0.000052
0.000047
0.131831
0.000086
0.000110
0.087765
0.000055
0.000052
0.087984
0.000073
0.000003
0.127949
0.088391
0.127588
0.088077
0.087832
0.132078
0.087989
0.132095
0.080031
0.000119
0.000033
0.091774
0.000054
0.000046
0.131791
0.000049
0.000043
0.087931
0.000054
0.000044
0.087983
0.000046
0.000043
0.117605
0.100107
0.134082
0.087982
0.088187
0.131961
0.087858
0.088000
0.132087
0.000070
0.000002
0.083953
0.000067
0.000030
0.131842
0.000090
0.000036
0.087860
0.000095
0.000059
0.087813
0.112203
0.107941
0.087999
5.079958
0.000021
0.087926
0.131962
10.272045
0.044966
0.000004
0.000087
0.000001
0.000020
0.000037
0.000038
0.000036
0.000036
0.000035
0.000034
0.000038
0.000034
0.000034
0.000035
0.006464
0.000048
0.000042
0.000045
0.000048
0.000042
0.000040
0.000040
0.000040
0.000039
0.007770
0.000030
0.000031
0.000032
0.000028
0.000033
0.000030
0.004974
0.000038
0.000033
0.000029
0.000030
0.000032
0.000038
0.000030
0.006521
0.000030
0.000044
0.000038
0.007895
0.000032
0.000034
0.000033
0.007882
0.000047
0.000039
0.000037
0.007889
0.000034
0.000037
0.000032
0.035898
0.075038
0.000008
0.001247
0.000005
0.000041
0.004001
0.000046
0.000040
0.000038
0.000040
0.000040
0.000039
0.000038
0.000039
0.000037
0.000037
0.000039
0.000037
0.000039
0.000039
0.000039
0.000037
0.000038
0.000037
0.000039
0.000089
0.006845
0.000050
0.000044
0.000039
0.000040
0.000040
0.000039
0.007729
0.000036
0.000055
0.000041
0.000040
0.000040
0.035820
0.000070
0.000007
0.000037
0.000045
0.000037
0.000036
0.131912
0.131765
0.000160
0.000008
0.000043
0.000039
0.043811
0.140476
0.007841
0.012036
0.011500
19.431921
0.029078
0.015219
0.000050
0.019729
0.010008
0.010104
0.003705
0.016665
0.000041
0.010001
0.010072
0.007221
0.012914
0.010072
0.010081
0.010041
0.000911
0.019350
0.009991
0.010057
0.004632
0.015516
0.010060
0.010157
0.008333
0.011777
0.010041
0.010090
0.010102
0.001917
0.028295
0.010025
0.005649
0.024544
0.010030
0.009424
0.044072
0.154188
0.000026
0.021781
0.000087
0.000028
0.395881
0.088125
0.000070
0.699867
0.000087
0.308003
0.000004
0.594424
0.000063
0.369422
0.000054
0.699973
0.000109
0.395882
0.000050
0.699976
0.000046
0.348006
0.000005
0.699936
0.000092
0.387903
0.000071
0.659815
0.000067
0.440052
0.000038
0.667864
0.000102
0.376119
0.000061
0.659754
0.000061
0.363988
0.000151
0.703821
0.000066
0.439971
0.000066
0.615887
0.000064
0.391978
0.000116
0.704126
0.000065
0.374452
0.000068
0.721205
0.000164
0.278566
0.000073
0.601113
0.000033
0.087904
0.000088
0.000034
0.391936
0.000046
0.703989
0.000040
0.347968
0.000029
0.699936
0.000020
0.395959
0.000023
0.704064
0.000129
0.355287
0.000045
0.711369
0.000063
0.337025
0.000044
0.747854
0.000055
0.307900
0.000035
0.452723
0.010166
0.010087
0.010088
0.000859
0.019284
0.010038
0.010039
0.004632
0.015531
0.010062
0.010180
0.008308
0.011881
0.010077
0.010434
0.009701
0.001803
0.018555
0.010083
0.010115
0.005262
0.014982
0.010028
0.010050
0.008925
0.011194
0.010042
0.005256
0.004905
0.000067
0.012565
0.017651
0.009954
0.010124
0.006254
0.024090
0.019917
0.053370
0.051129
0.000029
0.000030
0.000029
0.000030
0.000026
0.000028
0.000028
0.000027
0.000028
0.043353
0.000015
0.000033
0.100030
0.000175
0.000106
0.087725
0.032441
0.011904
0.000026
0.022025
0.025135
0.000012
0.000127
0.000042
0.000043
0.000048
0.000034
0.000168
0.032018
0.012681
0.044758
0.043139
0.034798
0.008459
0.258378
0.001669
0.000012
0.000110
0.000041
0.000035
0.000027
0.000028
0.000027
0.000027
0.000028
0.000027
0.000027
0.003504
0.000018
0.000023
0.000026
0.000028
0.000029
0.009146
0.000053
0.032780
0.000039
0.000028
0.000034
0.000027
0.000023
0.000026
0.000024
0.002300
0.000036
0.000027
0.000026
0.000025
0.000025
0.000026
0.000026
0.000024
0.000029
0.000022
0.000025
0.000025
0.004050
0.000031
0.000033
0.000027
0.000028
0.000035
0.000028
0.000028
0.000026
0.000028
0.000027
0.000027
0.000025
0.002907
0.000036
0.000029
0.015115
0.000040
0.000031
0.000028
0.000032
0.000027
0.000027
0.022125
0.000087
0.000002
0.000027
0.000045
0.005100
0.000059
0.000045
0.000153
0.000041
0.000049
0.000032
0.000059
0.000035
0.000341
0.000037
0.000030
0.000030
0.000027
0.000026
0.000052
0.006402
0.000043
0.005644
0.000028
0.000034
0.000028
0.000031
0.011715
0.000079
0.000029
0.000051
0.004068
0.000102
0.000035
0.000036
0.008529
0.000063
0.000027
0.000030
0.007161
0.000034
0.000027
0.000030
0.000026
0.007951
0.000032
0.000027
0.000029
0.007818
0.000032
0.000027
0.000029
0.000027
0.009947
0.000076
0.000027
0.000027
0.005832
0.000021
0.000032
0.000030
0.007972
0.000035
0.000029
0.000026
0.005417
0.000100
0.000044
0.000030
0.013530
0.000052
0.000031
0.000027
0.000028
0.002145
0.000033
0.000028
0.000026
0.000027
0.002340
0.000028
0.000026
0.000053
0.024575
0.000081
0.000003
0.000025
0.000031
0.000030
0.000031
0.000031
0.000029
0.000027
0.000032
0.000053
0.034480
0.000075
0.000406
0.000036
0.000034
0.003973
0.000041
0.000036
0.000034
0.003755
0.000079
0.000039
0.000035
0.000041
0.000036
0.000032
0.000033
0.000039
0.000032
0.000034
0.000079
0.021757
0.000044
0.000034
0.000032
0.008792
0.090655
0.009320
0.000049
0.000040
0.172967
0.000054
0.000101
0.000041
0.071887
0.015794
0.016520
0.012046
0.009162
0.006341
0.000047
0.000030
0.000036
0.000034
0.000045
0.000026
0.043805
0.000038
0.000035
0.000032
0.000042
0.000027
0.000035
0.000031
0.043710
0.000044
0.000039
0.000035
0.036866
0.006996
0.000044
0.000038
0.000035
0.016772
0.000029
0.000038
0.000036
0.000035
0.000037
0.000037
0.000034
0.007682
0.000057
0.000051
0.000045
0.000030
0.000036
0.000034
0.000035
0.007749
0.000037
0.000054
0.000041
0.000038
0.000034
0.000034
0.000035
0.010859
0.000041
0.000037
0.000033
0.000040
0.000026
0.000032
0.012505
0.000098
0.000041
0.000038
0.000036
0.000034
0.000036
0.000036
0.006019
0.000042
0.013479
0.007875
0.003552
0.017445
0.012357
0.000033
0.000046
0.000039
0.000038
0.000037
0.007597
0.000033
0.000046
0.000057
0.000043
0.000036
0.000037
0.000036
0.000037
0.000036
0.006050
0.000047
0.000040
0.000037
0.000040
0.000035
0.000037
0.000036
0.000036
0.000037
0.000036
0.000040
0.000037
0.017262
0.000056
0.000043
0.000040
0.000036
0.000035
0.000035
0.000033
0.000035
0.000034
0.000033
0.000034
0.000034
0.011766
0.000047
0.000044
0.000081
0.000040
0.000035
0.000035
0.000034
0.000035
0.000035
0.000036
0.005720
0.000038
0.000032
0.000030
0.000034
0.000035
0.000033
0.007795
0.000080
0.000035
0.004196
0.000049
0.012079
0.007851
0.012801
0.006883
0.000034
0.013526
0.000005
0.000107
0.007762
0.000045
0.000042
0.000036
0.000039
0.011783
0.000035
0.000041
0.000036
0.000037
0.007611
0.000041
0.000039
0.000041
0.000036
0.002632
0.000041
0.000035
0.016437
0.012144
0.007981
0.007375
0.012564
0.019764
0.055684
0.124973
0.000055
0.006977
0.176006
19.003011
0.009760
0.083769
0.000051
0.000075
0.000022
0.000036
0.000035
0.000036
0.000035
0.000035
0.000034
0.000034
0.000035
0.000034
0.000035
0.000034
0.000034
0.000040
0.000041
0.000029
0.000034
0.000033
0.002551
0.000045
0.000044
0.000041
0.000040
0.000030
0.000033
0.000034
0.011876
0.000042
0.000033
0.000031
0.000031
0.000030
0.000031
0.000032
0.000030
0.000041
0.000037
0.007642
0.000049
0.000037
0.000037
0.000047
0.000031
0.007774
0.000037
0.000038
0.007947
0.000050
0.000039
0.000038
0.008113
0.000028
0.000038
0.000036
0.007600
0.000057
0.000044
0.000044
0.035957
0.000093
0.060851
0.000088
0.007976
0.008185
0.000037
0.000035
0.003644
0.000045
0.000106
0.000034
0.004053
0.002630
0.000107
0.000026
0.000031
0.008952
0.006974
0.000042
0.000031
0.000041
0.000079
0.000084
0.000033
0.000027
0.000027
0.000025
0.000023
0.000027
0.000029
0.000031
0.000027
0.000025
0.000024
0.000028
0.000090
0.000028
0.000030
0.000029
0.000026
0.007152
0.000048
0.000029
0.000031
0.000027
0.000033
0.008453
0.000037
0.000033
0.000033
0.000027
0.000035
0.000024
0.000029
0.000026
0.007127
0.000043
0.000028
0.000027
0.000030
0.000028
0.000028
0.000028
0.003712
0.000036
0.000024
0.000024
0.011996
0.000044
0.000033
0.000029
0.017366
0.000033
0.000054
0.000046
0.000032
0.000029
0.009831
0.004451
0.051693
0.001138
0.041744
0.001885
0.015665
0.021058
0.009637
0.000031
0.000025
0.000027
0.000025
0.000029
0.000043
0.000008
0.000030
0.000024
0.000025
0.000028
0.000029
0.000028
0.000027
0.000028
0.000026
0.000027
0.000027
0.000028
0.000028
0.000026
0.000026
0.000027
0.000026
0.000027
0.000026
0.000027
0.000026
0.000026
0.000498
0.000033
0.000029
0.000027
0.000028
0.000027
0.009758
0.000044
0.000028
0.000027
0.000025
0.000027
0.000025
0.000026
0.000025
0.005907
0.000036
0.000031
0.000029
0.008690
0.000067
0.000095
0.001375
0.008960
0.000038
0.000030
0.000029
0.004730
0.000069
0.000183
0.003305
0.000039
0.000036
0.007311
0.000040
0.000034
0.002819
0.000045
0.000037
0.000037
0.000036
0.009887
0.000084
0.000007
0.000038
0.000037
0.008215
0.000097
0.000083
0.001818
0.005559
0.000038
0.000036
0.000035
0.008071
0.000055
0.000056
0.000068
0.002591
0.005797
0.000042
0.000039
0.000036
0.014226
0.000033
0.000036
0.000035
0.000763
0.000049
0.000040
0.000037
0.011755
0.000025
0.000075
0.000052
0.000048
0.003955
0.000034
0.000035
0.000033
0.008324
0.000063
0.001941
0.000031
0.001543
0.000044
0.000042
0.000040
0.000046
0.015326
0.000039
0.000033
0.000031
0.004423
0.000028
0.000032
0.010569
0.000030
0.000052
0.000035
0.000047
0.005215
0.000044
0.000040
0.000040
0.008579
0.000003
0.000001
0.000018
0.000040
0.007311
0.000026
0.000075
0.007857
0.000054
0.000052
0.000039
0.000037
0.007735
0.000049
0.000090
0.000036
0.000035
0.009740
0.000018
0.000037
0.000075
0.000041
0.000036
0.006061
0.000046
0.000036
0.000034
0.003692
0.000042
0.000038
0.000034
0.012095
0.000009
0.000112
0.000007
0.000097
0.000038
0.007717
0.000033
0.000037
0.000033
0.007746
0.000043
0.000036
0.000043
0.000045
0.007984
0.000028
0.000047
0.000035
0.000033
0.007808
0.000034
0.000055
0.000038
0.007945
0.000058
0.000040
0.000047
0.000038
0.007780
0.000038
0.000042
0.000085
0.000041
0.017114
0.000125
0.000043
0.000038
0.000032
0.000071
0.000047
0.010067
0.000045
0.000035
0.044132
0.043988
0.000090
0.000044
0.015980
0.000080
0.000002
0.000029
0.000034
0.000042
0.000035
0.000033
0.000033
0.005785
0.000034
0.000033
0.000033
0.000029
0.000031
0.000032
0.000030
0.000029
0.000029
0.002194
0.000029
0.000029
0.000030
0.000028
0.000028
0.005815
0.000108
0.000039
0.000030
0.000030
0.000030
0.000030
0.000028
0.000028
0.000029
0.000028
0.000027
0.004941
0.000031
0.000029
0.000028
0.000028
0.007769
0.000029
0.000026
0.000026
0.000033
0.000029
0.011945
0.000130
0.000003
0.000026
0.000034
0.007754
0.000042
0.000033
0.000040
0.007960
0.000045
0.000041
0.000035
0.007817
0.000039
0.000041
0.000037
0.007879
0.000040
0.000051
0.000032
0.007924
0.000051
0.000040
0.000036
0.000035
0.000036
0.000034
0.000035
0.007601
0.000049
0.000042
0.028190
0.043875
0.013040
0.000106
0.000074
0.011315
0.000065
0.000026
0.000040
0.000033
0.000036
0.000033
0.000036
0.000034
0.012116
0.000110
0.006862
0.000039
0.000035
0.000033
0.000032
0.012937
0.000077
0.000035
0.000035
0.011442
0.000079
0.000034
0.000036
0.007967
0.008088
0.000050
0.002963
0.017324
0.000098
0.011980
0.000071
0.000049
0.000036
0.000039
0.000034
0.007777
0.000038
0.000040
0.000037
0.000034
0.000033
0.000035
0.000033
0.006343
0.000031
0.000031
0.000027
0.000028
0.000026
0.000030
0.000027
0.028588
0.000042
0.000027
0.000030
0.000028
0.011635
0.000032
0.000024
0.003403
0.000026
0.000028
0.000030
0.017020
0.000026
0.000025
0.011476
0.000029
0.000030
0.012434
0.000038
0.000031
0.000028
0.002760
0.000048
0.000025
0.000030
0.043969
0.000041
0.000027
0.000030
0.000029
0.000028
0.004057
0.000034
0.000030
0.000030
0.000029
0.000025
0.004213
0.000037
0.000036
0.000026
0.000028
0.000026
0.000030
0.000035
0.000024
0.000029
0.000026
0.000026
0.000033
0.004865
0.000031
0.000029
0.000027
0.000026
0.000028
0.000031
0.000031
0.000027
0.000027
0.000026
0.006019
0.000039
0.000030
0.000034
0.008094
0.000032
0.000070
0.000034
0.000028
0.000027
0.007638
0.000035
0.000026
0.000028
0.000030
0.000028
0.000036
0.007877
0.000036
0.000030
0.000027
0.007777
0.000038
0.000037
0.000027
0.000030
0.007901
0.000036
0.000030
0.000036
0.007869
0.000035
0.000034
0.000048
0.007999
0.000040
0.000031
0.000030
0.000033
0.007694
0.000042
0.000101
0.000042
0.003869
0.000041
0.000035
0.000035
0.011940
0.000040
0.000031
0.000031
0.007865
0.000058
0.000041
0.000036
0.007942
0.000040
0.000062
0.000025
0.000027
0.000032
0.000027
0.007673
0.000039
0.000030
0.000031
0.007842
0.000040
0.000030
0.028984
0.005255
0.001753
0.000043
0.000070
0.000042
0.000046
0.000040
0.000036
0.000034
0.000038
0.000040
0.000051
0.007598
0.000055
0.000041
0.000068
0.031443
0.056334
0.000102
0.033226
0.000090
0.000057
0.000040
0.010063
0.000045
0.000034
0.000035
0.000037
0.000043
0.000036
0.000034
0.000043
0.000041
0.044039
0.000048
0.149381
0.000089
0.000087
0.000048
0.000045
0.000043
0.005897
0.000060
0.000048
0.000046
0.000045
0.000045
0.013131
0.000056
0.000053
0.000108
0.000038
0.000037
0.006680
0.000059
0.000043
0.000036
0.000044
0.008254
0.000048
0.000039
0.000043
0.000040
0.008805
0.007042
0.000058
0.000031
0.000026
0.000027
0.013242
0.006492
0.000279
0.000036
0.000030
0.000030
0.000026
0.000029
0.000038
0.000031
0.000028
0.000028
0.000029
0.000028
0.000029
0.004977
0.008044
0.000034
0.000031
0.000037
0.000029
0.000031
0.000028
0.000028
0.000027
0.000027
0.000029
0.000028
0.000028
0.000027
0.000028
0.000029
0.000026
0.005681
0.000033
0.000029
0.000027
0.000027
0.000043
0.000042
0.000027
0.000026
0.000026
0.007706
0.000053
0.000041
0.007824
0.000072
0.000041
0.000037
0.000035
0.007770
0.000048
0.000041
0.000073
0.000036
0.043839
0.000068
0.000044
0.036473
0.000043
0.000036
0.000031
0.000029
0.007240
0.000137
0.000031
0.000031
0.000035
0.000031
0.000032
0.029917
0.013954
0.000047
0.000045
0.000043
0.000040
0.043759
0.000066
0.000061
0.000043
0.015404
0.000055
0.000044
0.000043
0.000041
