
==================================================
| IO Statistics                                  |
|                                                |
| Duration: 158.995210 secs                      |
| Interval:  10 secs                             |
|                                                |
| Col 1: ip.dst==172.28.30.9                     |
|     2: udp.port==60000                         |
|------------------------------------------------|
|            |1                 |2               |
| Interval   | Frames |  Bytes  | Frames | Bytes |
|------------------------------------------------|
|   0 <>  10 |    439 |  412882 |      0 |     0 |
|  10 <>  20 |     63 |    8210 |      0 |     0 |
|  20 <>  30 |     64 |    8320 |      0 |     0 |
|  30 <>  40 |   1098 | 1092152 |      4 |   260 |
|  40 <>  50 |     26 |    3820 |      0 |     0 |
|  50 <>  60 |     26 |    3372 |      0 |     0 |
|  60 <>  70 |    153 |  130826 |      4 |   260 |
|  70 <>  80 |     23 |    2530 |      0 |     0 |
|  80 <>  90 |     24 |    2640 |      0 |     0 |
|  90 <> 100 |     99 |   18762 |      0 |     0 |
| 100 <> 110 |     63 |    8082 |      0 |     0 |
| 110 <> 120 |     67 |    9130 |      0 |     0 |
| 120 <> 130 |    805 |  759666 |      4 |   260 |
| 130 <> 140 |     26 |    2860 |      0 |     0 |
| 140 <> 150 |     24 |    2640 |      0 |     0 |
| 150 <> Dur |   1193 | 1241022 |      0 |     0 |
==================================================
