0 0 3533.1312 359.0861 964.3732
0 0 3.5209549 0.3633804 0.9510236
100 1 3.5589536 0.3318806 1.3719961
100 1 3.5978917 0.336535 1.4058131
0 0 3.5323578 0.3456165 0.965697
0 0 3.5903909 0.3479016 1.4138394 --> here I'm running clumsy with 0 loss and dealy, it seems that the increase in image load is due to sharing CPU power with clumsy
200 3 3.5336023 0.3354275 1.3550179
0 0 3.5474591 0.3317963 0 0 3.6505205 94.7930839 66.1685974
0 3.5747509 0.3440122 66.1627433
7 0.3362328 1.4191754
0 0 3.4896946 0.3437947 0.9493844
0 0 3.4681573 0.3319869 1.3430789
0 0 33.5194875 0.332377 1.328691
0 0 42.7708342 0.4802747 1.3930149
0 0 42.3969957 0.6762127 1.4431282
0 0 33.5291133 0.3443238 1.3273962
0 0 33.4321583 0.3319233 1.4192049
