1.999999999924284566e-05
2.200009999999998911e-01
5.799999999922533789e-05
3.104320000000022617e-01
2.466899999999938586e-02
2.200000000129875843e-05
2.800000000036106940e-05
3.199999999736746759e-05
2.699999999933311301e-05
2.600000000185787030e-05
2.900000000138902578e-05
2.899999999783631210e-05
2.699999999933311301e-05
2.800000000036106940e-05
2.600000000185787030e-05
6.104000000000553428e-03
4.199999999698889042e-05
3.099999999989222488e-05
2.800000000036106940e-05
2.500000000082991392e-05
2.600000000185787030e-05
2.499999999727720024e-05
2.700000000288582669e-05
2.499999999727720024e-05
3.300000000194813765e-05
2.699999999933311301e-05
2.500000000082991392e-05
2.899999999783631210e-05
2.500000000082991392e-05
2.699999999933311301e-05
1.806499999999999773e-02
3.300000000194813765e-05
2.499999999727720024e-05
3.099999999989222488e-05
3.400000000297609404e-05
3.699999999895453584e-05
2.900000000138902578e-05
2.899999999783631210e-05
2.800000000036106940e-05
3.200000000092018126e-05
3.200000000092018126e-05
2.799999999680835572e-05
2.700000000288582669e-05
2.800000000036106940e-05
2.699999999933311301e-05
2.800000000036106940e-05
2.999999999886426849e-05
2.699999999933311301e-05
2.900000000138902578e-05
2.699999999933311301e-05
2.699999999933311301e-05
2.800000000036106940e-05
2.999999999886426849e-05
2.700000000288582669e-05
2.799999999680835572e-05
8.924000000000376076e-03
2.399999999980195753e-05
2.800000000036106940e-05
2.600000000185787030e-05
6.294999999997941131e-03
4.099999999951364771e-05
3.600000000147929313e-05
8.784999999999598685e-03
2.500000000082991392e-05
3.200000000092018126e-05
2.899999999783631210e-05
2.699999999933311301e-05
7.000000000001449507e-03
4.300000000156956048e-05
2.100000000027080205e-05
1.578599999999852344e-02
1.010000000007948984e-04
2.739999999974429556e-04
3.799999999998249223e-05
4.000000000203840500e-05
7.896999999999820830e-03
3.083000000000168939e-03
4.699999999857595867e-05
3.200000000092018126e-05
2.900000000138902578e-05
2.899999999783631210e-05
3.300000000194813765e-05
2.800000000036106940e-05
5.360999999997062559e-03
3.500000000045133675e-05
3.300000000194813765e-05
2.800000000036106940e-05
2.899999999783631210e-05
8.335999999999899046e-03
8.599999999958640728e-05
2.500000000082991392e-05
2.600000000185787030e-05
6.546999999997638042e-03
2.500000000082991392e-05
3.600000000147929313e-05
2.899999999783631210e-05
1.148300000000190835e-02
3.199999999736746759e-05
2.800000000036106940e-05
3.000000000241698217e-05
2.979999999972449132e-04
4.200000000054160409e-05
6.100000000230920705e-05
2.800000000036106940e-05
1.339499999999915758e-02
2.100000000027080205e-05
2.800000000036106940e-05
2.899999999783631210e-05
2.800000000036106940e-05
7.000999999998924750e-03
3.400000000297609404e-05
3.099999999989222488e-05
2.499999999727720024e-05
1.105300000000042360e-02
5.799999999922533789e-05
3.100000000344493856e-05
2.799999999680835572e-05
5.100000000268778422e-05
4.103999999998109161e-03
2.800000000036106940e-05
2.699999999933311301e-05
8.704000000001599346e-03
8.199999999902729542e-05
2.200000000129875843e-05
9.525999999997480927e-03
2.500000000082991392e-05
2.900000000138902578e-05
3.399999999942338036e-05
6.916000000000366299e-03
2.800000000036106940e-05
2.399999999980195753e-05
2.800000000036106940e-05
9.434999999999860165e-03
3.099999999989222488e-05
2.599999999830515662e-05
2.800000000036106940e-05
6.306999999999618467e-03
4.099999999951364771e-05
2.900000000138902578e-05
3.299999999839542397e-05
3.500000000045133675e-05
3.099999999989222488e-05
8.213000000001358103e-03
3.200000000092018126e-05
2.699999999933311301e-05
2.182000000001238504e-03
3.899999999745773493e-05
2.900000000138902578e-05
2.800000000036106940e-05
1.275300000000001432e-02
2.800000000036106940e-05
2.699999999933311301e-05
5.799999999922533789e-05
2.800000000036106940e-05
7.439000000001527724e-03
2.999999999886426849e-05
2.500000000082991392e-05
9.815999999997160330e-03
7.400000000146178536e-05
2.699999999933311301e-05
3.000000000241698217e-05
3.099999999989222488e-05
5.575999999997804935e-03
3.000000000241698217e-05
2.899999999783631210e-05
2.699999999933311301e-05
2.600000000185787030e-05
8.326000000000277623e-03
2.999999999886426849e-05
2.999999999886426849e-05
5.186000000001911303e-03
4.200000000054160409e-05
6.699999999781880433e-05
6.000000000128125066e-05
6.799999999884676072e-05
9.969999999999146212e-03
5.600000000072213879e-05
2.300000000232671482e-05
2.499999999727720024e-05
3.600000000147929313e-05
4.799999999960391506e-05
2.699999999933311301e-05
3.000000000241698217e-05
2.599999999830515662e-05
2.792700000000181149e-02
1.319119999999998072e-01
4.401399999999711099e-02
1.759730000000025996e-01
3.299999999839542397e-05
4.536900000000088085e-02
5.146299999999826014e-02
1.699999999971169018e-05
2.700000000288582669e-05
2.499999999727720024e-05
2.500000000082991392e-05
2.500000000082991392e-05
2.500000000082991392e-05
4.999999999810711415e-05
3.000000000241698217e-05
3.099999999989222488e-05
3.099999999989222488e-05
3.699999999895453584e-05
2.999999999886426849e-05
3.099999999989222488e-05
3.200000000092018126e-05
3.299999999839542397e-05
7.462000000000301725e-03
4.100000000306636139e-05
3.419999999998424300e-04
2.799999999680835572e-05
3.000000000241698217e-05
2.699999999933311301e-05
2.800000000036106940e-05
3.099999999989222488e-05
2.200000000129875843e-05
2.599999999830515662e-05
2.500000000082991392e-05
6.713999999998776502e-03
2.699999999933311301e-05
3.000000000241698217e-05
2.699999999933311301e-05
3.299999999839542397e-05
2.699999999933311301e-05
2.700000000288582669e-05
2.599999999830515662e-05
7.770000000000720775e-03
3.799999999998249223e-05
3.099999999989222488e-05
2.699999999933311301e-05
3.399999999942338036e-05
3.099999999989222488e-05
2.300000000232671482e-05
8.221999999999951569e-03
3.099999999989222488e-05
3.599999999792657945e-05
3.000000000241698217e-05
3.389999999999560032e-03
3.599999999792657945e-05
3.300000000194813765e-05
2.999999999886426849e-05
1.208600000000004115e-02
3.600000000147929313e-05
2.499999999727720024e-05
2.600000000185787030e-05
8.845000000000879936e-03
5.499999999969418241e-05
3.699999999895453584e-05
2.699999999933311301e-05
8.046000000000219643e-03
3.099999999989222488e-05
3.300000000194813765e-05
6.781999999997623263e-03
3.200000000092018126e-05
2.800000000036106940e-05
2.699999999933311301e-05
8.663999999999560941e-03
1.320000000006871232e-04
3.370000000018080755e-04
2.699999999933311301e-05
6.781000000000148020e-03
2.599999999830515662e-05
3.000000000241698217e-05
3.699999999895453584e-05
1.405300000000053728e-02
1.599999999868373379e-05
3.399999999942338036e-05
2.699999999933311301e-05
2.142000000002752813e-03
1.999999999924284566e-05
3.999999999848569132e-05
3.500000000045133675e-05
1.938000000000172918e-02
5.719999999982405825e-04
4.700000000212867235e-05
3.099999999989222488e-05
3.099999999989222488e-05
2.399999999980195753e-05
3.299999999839542397e-05
3.699999999895453584e-05
4.088100000000238765e-02
3.500000000045133675e-05
3.099999999989222488e-05
2.999999999886426849e-05
2.900000000138902578e-05
4.628099999999690795e-02
8.800000000164232006e-05
4.513400000000089562e-02
6.899999999987471710e-05
9.999999974752427079e-07
8.335999999999899046e-03
3.600000000147929313e-05
3.399999999942338036e-05
2.800000000036106940e-05
7.831399999999888450e-02
8.100000000155205271e-05
2.599999999830515662e-05
3.000000000241698217e-05
4.399999999904480319e-05
2.699999999933311301e-05
2.150500000000121759e-02
1.400000000018053470e-05
3.299999999839542397e-05
3.000000000241698217e-05
3.799999999998249223e-05
2.800000000036106940e-05
2.899999999783631210e-05
2.900000000138902578e-05
1.598939999999977601e-01
3.700000000002034994e-04
3.600000000147929313e-05
2.999999999886426849e-05
2.900000000138902578e-05
2.899999999783631210e-05
3.019800000000216755e-02
3.250000000001307399e-04
3.500000000045133675e-05
3.299999999839542397e-05
3.200000000092018126e-05
2.899999999783631210e-05
8.599000000000245336e-03
1.278680000000029793e-01
2.899999999783631210e-05
2.800000000036106940e-05
7.311000000001399712e-03
4.099999999951364771e-05
3.999999999848569132e-05
3.300000000194813765e-05
2.899999999783631210e-05
3.099999999989222488e-05
3.200000000092018126e-05
2.900000000138902578e-05
2.899999999783631210e-05
2.900000000138902578e-05
4.306000000000054229e-02
3.999999999848569132e-05
3.200000000092018126e-05
3.099999999989222488e-05
3.099999999989222488e-05
3.099999999989222488e-05
3.299999999839542397e-05
3.099999999989222488e-05
2.123100000000022192e-02
2.762700000000251066e-02
4.311399999999920851e-02
3.999999999848569132e-05
3.500000000045133675e-05
3.600000000147929313e-05
5.300000000119098331e-05
3.899999999745773493e-05
3.300000000194813765e-05
7.799999999846818355e-05
2.899199999999879651e-02
4.600000000110071596e-05
3.399999999942338036e-05
3.099999999989222488e-05
3.000000000241698217e-05
3.099999999989222488e-05
3.299999999839542397e-05
2.670200000000022555e-02
3.208700000000064279e-02
5.399999999866622602e-05
5.499999999969418241e-05
7.100000000193062988e-05
2.960399999999907550e-02
6.499999999931560524e-05
4.799999999960391506e-05
2.110000000001832632e-04
1.610000000020761490e-04
4.500000000007275958e-05
8.700000000061436367e-05
2.999999999886426849e-05
3.299999999839542397e-05
1.042999999999949523e-02
2.662200000000325417e-02
8.899999999911756277e-05
4.900000000063187144e-05
1.968799999999859551e-02
8.839100000000144064e-02
4.500000000007275958e-05
3.799999999998249223e-05
4.351699999999780744e-02
2.158400000000071373e-02
6.677799999999933789e-02
1.330000000017150796e-04
3.999999999848569132e-05
8.395700000000161367e-02
5.399999999866622602e-05
5.300000000119098331e-05
7.367999999999597094e-03
3.209700000000026421e-02
1.219899999999896067e-02
4.388300000000100454e-02
9.400000000070463102e-05
2.499999999727720024e-05
1.086610000000014509e-01
1.129999999989195203e-04
1.100000000064937922e-05
2.305600000000040950e-02
8.117299999999971760e-02
7.018999999999664396e-03
1.010000000007948984e-04
4.200000000054160409e-05
3.199999999736746759e-05
8.754400000000117643e-02
1.886299999999963006e-02
2.699999999933311301e-05
3.799999999998249223e-05
3.099999999989222488e-05
1.080000000008851657e-04
4.399999999904480319e-05
3.100000000344493856e-05
3.099999999989222488e-05
2.999999999886426849e-05
3.099999999989222488e-05
2.899999999783631210e-05
7.723000000002144816e-03
2.599999999830515662e-05
4.200000000054160409e-05
3.000000000241698217e-05
2.899999999783631210e-05
2.999999999886426849e-05
2.700000000288582669e-05
2.899999999783631210e-05
3.700000000250724952e-05
3.399999999942338036e-05
2.699999999933311301e-05
2.699999999933311301e-05
2.600000000185787030e-05
2.699999999933311301e-05
8.724000000000842192e-03
2.999999999886426849e-05
2.599999999830515662e-05
2.600000000185787030e-05
2.599999999830515662e-05
2.699999999933311301e-05
2.700000000288582669e-05
2.499999999727720024e-05
2.500000000082991392e-05
2.600000000185787030e-05
2.499999999727720024e-05
2.500000000082991392e-05
2.600000000185787030e-05
7.635000000000502496e-03
4.500000000007275958e-05
3.499999999689862307e-05
2.800000000036106940e-05
2.900000000138902578e-05
2.800000000036106940e-05
7.806999999999675310e-03
2.800000000036106940e-05
3.599999999792657945e-05
7.985000000001463150e-03
1.999999999924284566e-05
3.099999999989222488e-05
2.800000000036106940e-05
8.029000000000507953e-03
2.800000000036106940e-05
2.699999999933311301e-05
2.699999999933311301e-05
2.699999999933311301e-05
7.779000000002866955e-03
2.199999999774604476e-05
3.099999999989222488e-05
2.900000000138902578e-05
7.911000000000001364e-03
2.999999999886426849e-05
4.200000000054160409e-05
2.699999999933311301e-05
3.795000000000214868e-03
2.600000000185787030e-05
2.899999999783631210e-05
3.000000000241698217e-05
1.206099999999921124e-02
9.799999999771102921e-05
2.399999999980195753e-05
3.000000000241698217e-05
7.746000000000918817e-03
2.499999999727720024e-05
3.099999999989222488e-05
3.099999999989222488e-05
8.108000000000004093e-03
3.799999999998249223e-05
3.099999999989222488e-05
8.100000000155205271e-05
1.506499999999988404e-02
1.017399999999923921e-02
1.190000000015345449e-04
1.441200000000009140e-02
1.080000000008851657e-04
1.993299999999820216e-02
1.900000000176760295e-05
8.999999999659280547e-05
2.100000000027080205e-05
4.400000000259751687e-05
2.699999999933311301e-05
2.699999999933311301e-05
2.500000000082991392e-05
2.599999999830515662e-05
2.600000000185787030e-05
2.699999999933311301e-05
2.699999999933311301e-05
2.500000000082991392e-05
2.500000000082991392e-05
2.399999999980195753e-05
2.599999999830515662e-05
2.900000000138902578e-05
2.599999999830515662e-05
2.699999999933311301e-05
2.500000000082991392e-05
2.600000000185787030e-05
2.599999999830515662e-05
3.200000000092018126e-05
2.800000000036106940e-05
3.374699999999819511e-02
1.190000000015345449e-04
2.599999999830515662e-05
2.172000000001617082e-03
3.200000000092018126e-05
2.899999999783631210e-05
2.900000000138902578e-05
2.999999999886426849e-05
2.600000000185787030e-05
3.899999999745773493e-05
2.900000000138902578e-05
2.699999999933311301e-05
2.699999999933311301e-05
2.600000000185787030e-05
2.800000000036106940e-05
2.500000000082991392e-05
3.599999999792657945e-05
2.999999999886426849e-05
2.700000000288582669e-05
2.599999999830515662e-05
2.900000000138902578e-05
3.500000000045133675e-05
2.499999999727720024e-05
2.800000000036106940e-05
2.800000000036106940e-05
6.454000000001514081e-03
3.199999999736746759e-05
3.000000000241698217e-05
1.154299999999963688e-02
3.099999999989222488e-05
6.192999999999670990e-03
2.800000000036106940e-05
2.800000000036106940e-05
2.899999999783631210e-05
2.600000000185787030e-05
2.699999999933311301e-05
3.799999999998249223e-05
2.900000000138902578e-05
4.299999999801684680e-05
2.800000000036106940e-05
2.399999999980195753e-05
2.800000000036106940e-05
1.874400000000164823e-02
4.792199999999979809e-02
2.399999999980195753e-05
4.687999999998027079e-03
2.900000000138902578e-05
2.689600000000069713e-02
1.499999999765577741e-05
2.900000000138902578e-05
1.227199999999939450e-02
3.099999999989222488e-05
3.399999999942338036e-05
2.800000000036106940e-05
2.900000000138902578e-05
4.200000000054160409e-05
2.021909899999999638e+01
4.496600000000228192e-02
3.999999997006398189e-06
8.700000000061436367e-05
1.000000004580670065e-06
1.999999999924284566e-05
3.699999999895453584e-05
3.799999999642977855e-05
3.600000000147929313e-05
3.600000000147929313e-05
3.500000000400405042e-05
3.399999999942338036e-05
3.799999999642977855e-05
3.399999999942338036e-05
3.399999999942338036e-05
3.500000000400405042e-05
6.464000000001135504e-03
4.799999999960391506e-05
4.200000000054160409e-05
4.500000000007275958e-05
4.799999999960391506e-05
4.199999999343617674e-05
4.000000000559111868e-05
3.999999999848569132e-05
3.999999999848569132e-05
3.900000000101044861e-05
7.770000000000720775e-03
3.000000000241698217e-05
3.099999999989222488e-05
3.199999999736746759e-05
2.800000000036106940e-05
3.300000000194813765e-05
2.999999999531155481e-05
4.974000000004252797e-03
3.799999999642977855e-05
3.300000000194813765e-05
2.899999999783631210e-05
3.000000000241698217e-05
3.199999999736746759e-05
3.800000000353520591e-05
2.999999999531155481e-05
6.520999999999332886e-03
3.000000000241698217e-05
4.400000000259751687e-05
3.799999999642977855e-05
7.895000000004870344e-03
3.199999999736746759e-05
3.399999999942338036e-05
3.300000000194813765e-05
7.881999999995059625e-03
4.700000000212867235e-05
3.900000000101044861e-05
3.699999999895453584e-05
7.888999999998702606e-03
3.399999999942338036e-05
3.700000000605996320e-05
3.199999999736746759e-05
3.589800000000309410e-02
4.102893199999999041e+01
5.112900000000308864e-02
2.899999999783631210e-05
3.000000000952240953e-05
2.899999999783631210e-05
2.999999999531155481e-05
2.600000000541058398e-05
2.800000000036106940e-05
2.800000000036106940e-05
2.700000000288582669e-05
2.800000000036106940e-05
4.335299999999620013e-02
1.499999999055035005e-05
3.300000000194813765e-05
1.000300000000038381e-01
1.749999999987039700e-04
1.060000000023819666e-04
8.772500000000604814e-02
3.244099999999150441e-02
1.190400000000124692e-02
2.600000000541058398e-05
2.202499999999929514e-02
2.513499999999169177e-02
1.199999999812462192e-05
1.270000000062054824e-04
4.199999999343617674e-05
4.300000000512227416e-05
4.800000000670934241e-05
3.399999999942338036e-05
1.680000000021664164e-04
3.201799999999366264e-02
1.268100000000060845e-02
4.475800000000162981e-02
4.313899999999648571e-02
3.479799999999499960e-02
8.459000000001992703e-03
2.583780000000075461e-01
1.668999999992593075e-03
1.199999999812462192e-05
1.100000000064937922e-04
4.099999999596093403e-05
3.499999999689862307e-05
2.700000000288582669e-05
2.800000000036106940e-05
2.700000000288582669e-05
2.700000000288582669e-05
2.800000000036106940e-05
2.700000000288582669e-05
2.699999998867497197e-05
3.504000000006612936e-03
1.799999999718693289e-05
2.299999999877400114e-05
2.600000000541058398e-05
2.800000000036106940e-05
2.899999999783631210e-05
9.146000000001208718e-03
5.299999999408555595e-05
3.278000000000247383e-02
3.900000000101044861e-05
2.800000000036106940e-05
3.399999999942338036e-05
2.700000000288582669e-05
2.299999999877400114e-05
2.600000000541058398e-05
2.399999999624924385e-05
2.299999999991086952e-03
3.600000000858472049e-05
2.700000000288582669e-05
2.599999999119972927e-05
2.500000000793534127e-05
2.499999999372448656e-05
2.600000000541058398e-05
2.599999999119972927e-05
2.400000001046009857e-05
2.899999999783631210e-05
2.200000000129875843e-05
2.499999999372448656e-05
2.500000000793534127e-05
4.049999999992337507e-03
3.100000000699765224e-05
3.299999998773728294e-05
2.700000000288582669e-05
2.800000000036106940e-05
3.499999999689862307e-05
2.800000000036106940e-05
2.800000000036106940e-05
2.600000000541058398e-05
2.800000000036106940e-05
2.700000000288582669e-05
2.700000000288582669e-05
2.499999999372448656e-05
2.907000000007542440e-03
3.599999999437386577e-05
2.899999999783631210e-05
1.511499999999443844e-02
4.000000001269654604e-05
3.099999999278679752e-05
2.800000000036106940e-05
3.200000000447289494e-05
2.700000000288582669e-05
2.699999998867497197e-05
2.212500000000261480e-02
8.700000000771979103e-05
1.999999994950485416e-06
2.700000000288582669e-05
4.500000000007275958e-05
5.099999999998772182e-03
5.899999999314786692e-05
4.500000000007275958e-05
1.529999999974052116e-04
4.100000001017178874e-05
4.899999998997373041e-05
3.200000000447289494e-05
5.900000000735872163e-05
3.499999999689862307e-05
3.409999999917090463e-04
3.700000000605996320e-05
2.999999999531155481e-05
3.000000000952240953e-05
2.699999998867497197e-05
2.600000000541058398e-05
5.199999999661031325e-05
6.402000000008456482e-03
4.299999999091141945e-05
5.644000000003757123e-03
2.800000000036106940e-05
3.399999999942338036e-05
2.800000000036106940e-05
3.100000000699765224e-05
1.171499999999525699e-02
7.899999999949613994e-05
2.899999999783631210e-05
5.099999999913507054e-05
4.068000000003735295e-03
1.019999999982701411e-04
3.499999999689862307e-05
3.600000000858472049e-05
8.528999999995789949e-03
6.299999999725969246e-05
2.700000000288582669e-05
2.999999999531155481e-05
7.161000000010631084e-03
3.399999999942338036e-05
2.699999998867497197e-05
3.000000000952240953e-05
2.599999999119972927e-05
7.951000000005592483e-03
3.200000000447289494e-05
2.699999998867497197e-05
2.900000001204716682e-05
7.818000000000324690e-03
3.199999999026204023e-05
2.700000000288582669e-05
2.899999999783631210e-05
2.700000000288582669e-05
9.946999999996819497e-03
7.600000000707041181e-05
2.699999998867497197e-05
2.700000000288582669e-05
5.831999999998060957e-03
2.100000000382351573e-05
3.200000000447289494e-05
2.999999999531155481e-05
7.972000000009415999e-03
3.499999999689862307e-05
2.899999999783631210e-05
2.600000000541058398e-05
5.416999999994231985e-03
1.000000000033196557e-04
4.399999998838666215e-05
3.000000000952240953e-05
1.353000000000292857e-02
5.199999999661031325e-05
3.099999999278679752e-05
2.700000000288582669e-05
2.800000000036106940e-05
2.144999999998731255e-03
3.300000000194813765e-05
2.800000000036106940e-05
2.600000000541058398e-05
2.699999998867497197e-05
2.340000000003783498e-03
2.800000000036106940e-05
2.600000000541058398e-05
5.299999999408555595e-05
2.457499999999868123e-02
8.100000000865748007e-05
2.999999992425728124e-06
2.500000000793534127e-05
3.099999999278679752e-05
3.000000000952240953e-05
3.099999999278679752e-05
3.100000000699765224e-05
2.899999999783631210e-05
2.699999998867497197e-05
3.200000000447289494e-05
5.300000000829641067e-05
3.447999999998785370e-02
7.500000000959516910e-05
4.059999999981300789e-04
3.599999999437386577e-05
3.399999999942338036e-05
3.973000000002002707e-03
4.099999999596093403e-05
3.600000000858472049e-05
3.399999999942338036e-05
3.754999999998176463e-03
7.899999999949613994e-05
3.900000000101044861e-05
3.499999999689862307e-05
4.100000001017178874e-05
3.599999999437386577e-05
3.200000000447289494e-05
3.299999998773728294e-05
3.900000000101044861e-05
3.200000000447289494e-05
3.399999999942338036e-05
7.899999999949613994e-05
2.175700000000801992e-02
4.399999998838666215e-05
3.399999999942338036e-05
3.200000000447289494e-05
8.791999999999688953e-03
9.065499999999815373e-02
9.320000000002437446e-03
4.900000000418458512e-05
3.999999999848569132e-05
