0 0 7.591841 1.111951 2.411062 740192.0 248146.0 199442.0
1 0 7.563614 0.870904 1.963637 475258.0 121374.0 87752.0
2 0 8.303785 0.836063 2.353546 901574.0 141996.0 510586.0
5 0 8.027281 0.859089 2.057634 714862.0 139278.0 391846.0
10 0 7.69215 0.727856 2.395957 810768.0 132504.0 265006.0
50 0 7.305765 0.765598 1.932651 670010.0 28798.0 293688.0
100 0 8.499621 1.464052 2.542976 892996.0 144340.0 485794.0
0 3 7.975652 0.750107 2.830465 795226.0 141614.0 259422.0
1 3 7.623799 0.988101 2.475488 499512.0 138626.0 113888.0
2 3 7.727003 0.95313 1.989084 538602.0 123084.0 112028.0
5 3 8.100267 1.159979 2.310994 555022.0 78914.0 89008.0
10 3 10.066325 1.04701 1.994382 476786.0 121456.0 165596.0
50 3 7.722382 1.332158 2.451776 390238.0 86118.0 214832.0
100 3 7.605568 1.046908 2.111951 420144.0 105884.0 130626.0
