0 0 7.471864 1.027978 2.779397 966104.0 118010.0 731768.0
0 3 7.390487 1.291234 2.4321 674018.0 127788.0 333844.0
1 0 8.109419 1.149026 1.931728 540518.0 126380.0 150072.0
1 3 7.578212 0.737224 2.135521 514932.0 123222.0 111824.0
2 0 9.864294 0.922018 2.040711 489330.0 134180.0 382218.0
2 3 8.249375 0.859315 2.009898 642434.0 132552.0 240296.0
5 0 7.273269 0.751445 2.041267 827318.0 112286.0 305764.0
5 3 7.924742 0.487289 1.875708 643864.0 130174.0 244754.0
10 0 8.218954 0.917119 1.964043 718896.0 131752.0 166820.0
10 3 7.515948 0.93737 1.931902 482518.0 132102.0 97328.0
50 0 7.585215 0.765605 1.930668 662922.0 132600.0 84956.0
50 3 8.171894 0.749889 2.026327 852470.0 132246.0 40534.0
100 0 7.343599 0.812468 1.978681 916894.0 130554.0 108534.0
100 3 7.81436 0.765589 1.916401 739006.0 130908.0 308710.0
