0 0 7.655406 0.7199 2.567147 1376224.0 142618.0 683624.0
1 0 8.092098 0.721711 2.169598 783482.0 141488.0 323268.0
2 0 7.775153 0.716017 2.376524 1155058.0 140714.0 383746.0
5 0 7.363139 0.734024 1.918064 889568.0 142970.0 261554.0
10 0 7.811625 0.98321 2.601994 1226796.0 141532.0 520258.0
50 0 7.856126 0.828027 2.103787 783890.0 49308.0 223940.0
100 0 7.711764 1.019953 2.419145 1308952.0 140062.0 735374.0
0 3 7.295056 0.756611 2.009717 643184.0 146580.0 217406.0
1 3 8.348769 1.172044 2.263267 643990.0 130408.0 296154.0
2 3 8.067449 1.281205 1.917008 589506.0 130372.0 143004.0
5 3 7.883853 1.071877 2.240778 577376.0 137146.0 294218.0
10 3 7.779645 1.234623 1.920176 378460.0 119774.0 134322.0
50 3 7.538898 1.192173 2.363321 388802.0 99272.0 76784.0
100 3 7.48369 1.166995 2.275387 426424.0 104502.0 269832.0
