0 0 3.500811 0.384371 1.482932 1200540.0 85650.0 459248.0
1 0 3.514409 0.41938 1.04205 462650.0 75412.0 199312.0
2 0 3.48824 0.403357 1.075419 721244.0 26792.0 382248.0
5 0 3.495852 0.419182 1.856523 506974.0 128910.0 256602.0
10 0 3.51819 0.418296 1.153364 489416.0 83544.0 595502.0
50 0 3.480147 0.401869 1.085606 496172.0 119116.0 284520.0
100 0 3.493013 0.40315 1.068511 649338.0 88484.0 96682.0
0 3 3.518269 0.402119 1.057626 647208.0 26824.0 181540.0
1 3 3.474537 0.421021 1.031095 850296.0 87284.0 115560.0
2 3 3.512803 0.403509 1.044667 832516.0 84536.0 219372.0
5 3 3.455396 0.419087 1.049905 493870.0 87074.0 272198.0
10 3 3.524489 0.418588 1.061963 788424.0 125190.0 561292.0
50 3 3.490591 0.420291 1.04349 899190.0 165748.0 194510.0
100 3 3.536284 0.43951 1.077887 817626.0 86514.0 328360.0
