0 0 7.295947 0.911987 2.454322 1261572.0 131270.0 461258.0
1 0 9.181714 1.37509 1.978256 519290.0 128458.0 203810.0
2 0 7.359215 1.011372 1.931772 773590.0 30672.0 384878.0
5 0 7.856642 0.419182 2.790672 573404.0 128910.0 257876.0
10 0 7.906254 0.749997 2.121346 562292.0 125268.0 602246.0
50 0 7.937323 0.968746 2.135005 560478.0 123602.0 285794.0
100 0 7.781318 0.843333 1.964233 707444.0 134740.0 97956.0
0 3 7.656036 0.718758 2.134997 710304.0 30704.0 182814.0
1 3 7.687341 0.796713 1.969031 943658.0 133478.0 116834.0
2 3 8.187354 0.437312 2.057713 932732.0 128544.0 221382.0
5 3 7.374916 0.749883 1.862085 551092.0 132694.0 273472.0
10 3 7.593863 0.727763 2.150585 843562.0 129676.0 563302.0
50 3 7.697558 0.78114 1.949351 971368.0 208334.0 195784.0
100 3 7.984107 0.752413 2.042125 892120.0 132724.0 329634.0
