0 0 3.531157 0.402541 1.421259 675502.0 129152.0 178272.0
1 0 3.480175 0.423175 1.061633 417420.0 116920.0 84118.0
2 0 3.50031 0.400792 1.533046 823988.0 94936.0 502874.0
5 0 3.463669 0.420263 1.122154 655094.0 134792.0 388822.0
10 0 3.544647 0.410493 1.534451 752552.0 85444.0 263924.0
50 0 3.483759 0.404532 1.078867 617856.0 24618.0 292034.0
100 0 3.497333 0.387683 1.472496 823420.0 126.0 444726.0
0 3 5.001262 0.420881 1.794595 717976.0 137734.0 256396.0
1 3 3.48568 0.394687 1.567408 431010.0 99150.0 112806.0
2 3 3.509466 0.420056 1.052475 483128.0 118964.0 110946.0
5 3 3.489343 0.392134 1.436399 501070.0 68822.0 87926.0
10 3 5.574559 0.420227 1.031518 418762.0 113736.0 161754.0
50 3 3.486644 0.40135 1.346477 325686.0 13332.0 94262.0
100 3 3.475207 0.402199 1.062448 354648.0 64964.0 128590.0
