0 0 3.455819 0.343888 1.331442 1093144.0 81768.0 535978.0
5 0 3.440353 0.343734 0.96358 484322.0 83100.0 198100.0
10 0 3.484243 0.343738 1.025928 813622.0 63144.0 240788.0
50 0 3.437418 0.343741 0.932562 705872.0 89088.0 105668.0
100 0 3.408065 0.344672 0.948335 650328.0 87794.0 396020.0
0 3 3.428093 0.343697 0.978957 700200.0 83050.0 99386.0
5 3 3.395576 0.343672 1.057038 703678.0 29186.0 224860.0
10 3 3.411076 0.34353 0.964628 603322.0 88800.0 129506.0
50 3 3.409908 0.3447 0.963939 722480.0 88590.0 228370.0
100 3 3.43771 0.344103 0.96447 644476.0 83148.0 165476.0
