0 0 3.487798 0.343871 1.431015 867184.0 70480.0 493300.0
0 3 3.452859 0.344332 0.963894 609792.0 77058.0 277992.0
1 0 3.437903 0.343774 0.932139 481672.0 78460.0 147668.0
1 3 3.42557 0.343224 0.96377 461556.0 77746.0 107624.0
2 0 3.407634 0.344137 0.963769 425606.0 88846.0 380668.0
2 3 3.407462 0.359964 0.979287 573270.0 87406.0 238422.0
5 0 3.42561 0.344316 0.963902 739596.0 86868.0 305810.0
5 3 3.437307 0.343725 0.966791 572046.0 88688.0 243700.0
10 0 3.453072 0.344555 0.964671 654448.0 85688.0 164896.0
10 3 3.422703 0.344528 0.963686 426742.0 86594.0 95074.0
50 0 3.441171 0.343716 0.948158 602536.0 87376.0 82812.0
50 3 3.440346 0.343693 0.917568 770944.0 86738.0 38170.0
100 0 3.42572 0.34399 0.948053 859454.0 85062.0 106610.0
100 3 3.426679 0.343535 0.979259 677322.0 85542.0 307876.0
