0 0 3.762043 0.41093 1.565749 1325126.0 117582.0 681566.0
1 0 3.477508 0.406297 1.096117 716740.0 137608.0 320190.0
2 0 3.555995 0.410954 1.540296 1099870.0 93606.0 382424.0
5 0 3.541137 0.418896 1.052354 833772.0 138484.0 260472.0
10 0 3.476584 0.398002 1.516511 1165402.0 94472.0 519176.0
50 0 3.479798 0.405099 1.153265 712986.0 44822.0 222858.0
100 0 3.515298 0.406287 1.455983 1248820.0 93002.0 733716.0
0 3 3.449025 0.421336 1.073567 593746.0 98914.0 216324.0
1 3 3.517103 0.400917 1.379125 577762.0 63950.0 204738.0
2 3 3.471777 0.404699 1.079368 519982.0 76980.0 141430.0
5 3 3.523979 0.386326 1.424307 515366.0 63358.0 217136.0
10 3 3.479308 0.420472 1.04894 307342.0 100084.0 116024.0
50 3 3.532326 0.399821 1.405349 335624.0 20374.0 75528.0
100 3 3.507876 0.418421 1.108877 374726.0 43196.0 158092.0
