0 0 7.783849 0.751953 2.167433 777366.0 195126.0 461708.0
0 3 8.06384 0.789175 1.86944 688644.0 136244.0 121026.0
5 0 7.734371 0.921573 2.03956 703582.0 121054.0 404944.0
5 3 7.843442 0.812549 1.91941 965134.0 131420.0 139152.0
10 0 7.921947 0.787059 2.839248 610896.0 133622.0 239990.0
10 3 7.328286 0.781234 2.025693 534278.0 132918.0 363186.0
50 0 7.595935 0.874515 1.93176 600816.0 135266.0 99550.0
50 3 7.687454 0.807176 2.073024 409858.0 133894.0 211548.0
100 0 7.880218 0.90632 1.947513 623450.0 117732.0 78332.0
100 3 7.858854 2.406281 1.86745 571436.0 130612.0 391862.0
