0 0 3.407733 0.335769 1.199483 699834.0 161342.0 377802.0
0 3 3.380468 0.344247 0.932398 611022.0 87364.0 100938.0
5 0 3.437252 0.343262 0.996063 635106.0 74860.0 402934.0
5 3 3.390293 0.347548 0.962916 907242.0 85832.0 137878.0
10 0 3.394013 0.343726 0.933263 531932.0 87428.0 238016.0
10 3 3.377873 0.343703 0.948087 469618.0 87298.0 361912.0
50 0 3.421521 0.343199 0.963509 539116.0 89040.0 98276.0
50 3 3.407755 0.3437 0.948335 339898.0 88306.0 210274.0
100 0 3.406019 0.343812 0.948167 558510.0 86916.0 77058.0
100 3 3.422704 0.343879 0.9482 472820.0 83670.0 389852.0
