0 0 7.808074 0.939884 2.475495 1152794.0 127372.0 537988.0
5 0 7.718788 1.734365 1.994396 543778.0 134466.0 199694.0
10 0 7.687643 0.85943 2.181925 878164.0 108732.0 242062.0
50 0 7.796554 1.000049 1.900788 808982.0 132280.0 108234.0
100 0 7.953204 0.843819 1.901257 718846.0 133382.0 397294.0
0 3 8.202551 0.765673 1.915981 777568.0 128622.0 101602.0
5 3 7.437619 0.859366 2.24452 799620.0 33066.0 226134.0
10 3 7.375167 0.828033 1.928203 667986.0 134994.0 130780.0
50 3 7.640613 0.797214 1.96329 822716.0 134178.0 229644.0
100 3 7.624605 0.765362 1.979667 718992.0 212250.0 166750.0
