0 0 4.419858 6.183659 6.00414 5.831904 6.456793 10.247946 1093112.0 1370148.0 2064652.0 2359044.0 3254244.0 4249962.0
20 0 3.593719 5.390499 3.437031 0.809815 9.842065 8.436534 312706.0 1273572.0 216532.0 2054.0 3558620.0 3054620.0
50 0 4.619432 4.751802 6.467766 6.339982 6.139803 9.192054 977356.0 1250980.0 1883276.0 2690040.0 2678908.0 3464166.0
200 0 4.239603 4.568377 5.195898 5.824135 6.528045 9.295106 662964.0 942520.0 1429998.0 1449582.0 2242478.0 4667092.0
0 3 3.796665 4.905615 5.93692 5.765963 6.54699 9.967085 285560.0 1251728.0 2796278.0 2262566.0 4582512.0 5138128.0
20 3 4.532205 3.755892 4.931828 6.515951 7.996063 3.852746 330568.0 537440.0 614780.0 697746.0 701568.0 201224.0
50 3 2.218575 3.98446 4.864538 5.093637 5.828542 5.687251 74122.0 371280.0 682872.0 758912.0 1003874.0 1305508.0
100 3 3.911914 3.995876 5.884175 8.075876 7.855514 14.791789 207386.0 153710.0 318564.0 378248.0 695198.0 1570012.0
200 3 3.922038 3.418309 4.246428 5.907515 5.82891 10.751622 228996.0 183558.0 387578.0 707458.0 1048480.0 2197222.0
0 5 3.967809 4.031797 4.956044 3.151838 5.951387 6.975968 253062.0 369014.0 678146.0 999084.0 1043084.0 1409052.0
20 5 4.064009 4.186617 5.142187 6.156292 6.127064 6.080212 269612.0 408362.0 667414.0 1264310.0 1349370.0 1133904.0
50 5 3.603873 2.619616 5.403986 7.395522 11.579617 13.351878 183860.0 169882.0 342860.0 561968.0 1020284.0 1170856.0
100 5 3.656227 3.746887 4.825099 5.765124 5.890113 6.778933 190246.0 231324.0 575202.0 966794.0 1075176.0 1284414.0
200 5 3.9598 4.091859 6.947912 10.922929 9.856272 17.027736 194280.0 151458.0 382440.0 420878.0 729428.0 1289798.0
0 0 3.848036 4.066437 4.958168 5.96823 5.880058 10.013545 201636.0 366932.0 520580.0 713830.0 1184052.0 2264880.0
20 0 4.975973 4.103632 4.983971 5.84009 6.191885 7.117269 582332.0 622878.0 1090018.0 1492714.0 1635268.0 1653190.0
50 0 2.906034 4.978493 4.932057 5.866389 4.852763 6.85304 161146.0 829584.0 880584.0 1772058.0 815470.0 1886450.0
100 0 4.2801 4.239898 5.095958 5.992042 5.923319 6.660044 555494.0 717912.0 1028460.0 1326028.0 1869858.0 1965414.0
200 0 2.734446 4.771447 4.764564 6.193416 6.082088 6.217526 146576.0 862720.0 814124.0 1989886.0 2026738.0 1373966.0
0 3 3.384 4.187619 4.131226 5.470888 6.103433 7.221437 270926.0 458174.0 296140.0 645648.0 961604.0 935506.0
20 3 3.219625 4.279736 5.186852 6.174011 6.157294 6.109473 195968.0 558928.0 956262.0 1167806.0 1573388.0 1380336.0
50 3 3.615449 3.591946 4.692005 4.708255 6.530506 12.487864 230764.0 122714.0 380692.0 614700.0 773514.0 1322048.0
100 3 3.585136 3.718229 4.762882 5.718761 5.795441 10.414561 199220.0 292316.0 600106.0 916920.0 1018578.0 2239836.0
200 3 3.071976 3.992044 6.16006 7.948922 10.115892 18.895836 194218.0 233920.0 408046.0 608684.0 669688.0 1061134.0
0 5 2.887451 4.02841 5.027268 5.919467 6.093923 9.747908 89924.0 300652.0 524370.0 906406.0 1359846.0 1845818.0
20 5 4.096234 4.212018 4.47128 6.183727 6.34379 12.123906 239060.0 210578.0 364712.0 665774.0 870106.0 1746352.0
50 5 4.119983 4.260239 4.448101 6.135411 6.105553 7.0247 230046.0 361370.0 626796.0 1072126.0 1472414.0 1009158.0
100 5 3.732294 3.567974 5.411853 8.359537 10.414894 18.387191 181426.0 113882.0 394596.0 431980.0 570986.0 965346.0
200 5 3.749733 3.645311 4.609648 5.572883 5.762756 6.389943 203452.0 250396.0 483696.0 870026.0 996052.0 1370324.0
0 0 3.863654 4.811719 4.588106 5.799847 5.369095 7.235646 436174.0 542306.0 950222.0 1653398.0 1183938.0 1905080.0
20 0 2.452975 4.423142 5.31092 6.186289 5.094717 7.002078 59282.0 713030.0 1189538.0 1813564.0 840916.0 1849494.0
50 0 4.255737 4.315957 5.18754 9.332095 5.999834 6.930836 484056.0 569350.0 1475296.0 2007550.0 1648326.0 1354684.0
100 0 1.202852 5.07649 5.171534 5.967903 5.937578 10.13907 17568.0 862806.0 1581788.0 1793888.0 1976322.0 2681240.0
200 0 4.22393 4.404174 5.340098 6.248371 6.047794 6.95182 336132.0 707908.0 1229642.0 1660640.0 1644770.0 1549766.0
0 3 3.234644 5.113735 5.022311 5.898633 5.804222 6.722669 188396.0 755062.0 735938.0 1477450.0 1436996.0 1959028.0
20 3 3.995783 4.083098 5.02813 5.947903 6.235302 4.878507 251870.0 237102.0 469476.0 823586.0 1006412.0 607220.0
50 3 2.957512 4.098525 5.066755 6.033342 5.958293 10.217237 102958.0 367426.0 666648.0 1118850.0 1019488.0 2287466.0
100 3 4.143994 3.516014 5.388027 8.075212 10.123805 16.006983 150898.0 123782.0 337822.0 486956.0 663850.0 1130208.0
200 3 4.011846 3.467669 4.531575 5.249465 6.069719 9.154542 217232.0 278994.0 508214.0 604288.0 1037380.0 1686854.0
0 5 3.483813 4.375883 3.492155 5.644048 6.326637 11.027393 256822.0 366008.0 491240.0 663254.0 771408.0 1744544.0
20 5 3.531118 3.71633 3.67084 5.560419 6.140925 6.281531 244960.0 336850.0 282888.0 978984.0 1390780.0 1699950.0
50 5 3.487732 3.508026 6.379998 7.319244 7.571278 13.214318 182838.0 173110.0 300564.0 536438.0 707972.0 1312420.0
100 5 3.418072 4.556036 4.515113 5.792224 6.403709 10.276747 120726.0 308700.0 512712.0 879330.0 1287120.0 1979008.0
200 5 3.871838 4.724147 8.651802 7.567531 12.49192 23.131305 188492.0 171522.0 325508.0 558342.0 726182.0 1089528.0
0 0 3.531068 3.679444 4.587852 10.525747 6.484279 10.406174 179096.0 280092.0 502864.0 942256.0 1024994.0 2225340.0
20 0 3.824075 4.031722 4.74737 5.76384 5.662844 6.751816 454846.0 450516.0 778504.0 1735874.0 1847988.0 1394242.0
50 0 3.689393 4.73329 5.658565 5.953248 5.609854 10.549094 181890.0 742482.0 1342864.0 1564268.0 1546726.0 2608292.0
100 0 4.124166 4.891994 4.991896 5.711912 5.923072 6.583365 533104.0 775366.0 1280260.0 1364010.0 2313384.0 2214922.0
200 0 3.474928 4.583299 5.52073 5.484427 5.733752 7.287596 135796.0 884050.0 1310082.0 1778046.0 1908028.0 1904954.0
0 3 4.576021 4.639895 4.767383 5.654748 5.452089 7.379903 345694.0 444870.0 516976.0 802882.0 625768.0 1385422.0
20 3 3.579095 4.030897 4.655428 5.873828 7.59556 5.669053 186138.0 592146.0 568654.0 1501314.0 2017070.0 1175976.0
50 3 3.791907 2.119959 3.887129 6.820015 6.822724 12.759822 165342.0 156050.0 224454.0 624830.0 729754.0 1421300.0
100 3 2.9475 4.057202 5.08282 5.979614 6.000092 8.886398 106914.0 285464.0 607446.0 718858.0 1158694.0 1846636.0
200 3 3.695905 3.556623 5.504165 7.515577 9.427684 18.683861 188530.0 173254.0 407482.0 623100.0 616226.0 1087578.0
0 5 3.381552 4.519625 4.685213 5.636869 6.270904 10.265206 129196.0 338614.0 549978.0 875322.0 1145892.0 2351614.0
20 5 3.619732 4.524192 4.732548 6.427799 4.479587 8.327885 244292.0 228188.0 401578.0 631268.0 840684.0 993608.0
50 5 3.548515 3.703926 4.965568 5.68478 5.653207 7.436911 211222.0 339820.0 568060.0 1115848.0 1070270.0 1375178.0
100 5 3.795843 3.13618 6.831907 8.826954 9.156095 18.007765 176246.0 85452.0 299872.0 421264.0 570236.0 1082354.0
200 5 3.866044 3.172039 4.925758 5.913737 5.864238 10.139509 224420.0 155068.0 468270.0 697394.0 1053788.0 1841756.0
0 0 4.079819 4.32399 5.04812 5.299844 5.933782 10.903692 516380.0 803384.0 1164750.0 898614.0 1398116.0 3053760.0
20 0 3.218722 4.466523 5.061277 5.985458 5.95539 5.874643 218256.0 819616.0 965914.0 1511776.0 2119128.0 1651546.0
50 0 4.096114 4.183877 5.097592 6.00358 5.967894 6.823445 503928.0 724624.0 1271482.0 1683896.0 2044518.0 1811736.0
100 0 3.250177 5.175333 5.125305 5.340083 5.896251 10.78511 210838.0 726124.0 1414908.0 1396428.0 1762610.0 3297426.0
200 0 4.335734 5.130936 5.356315 5.851945 6.835729 9.651893 668000.0 959974.0 1399192.0 1587342.0 2389874.0 2402354.0
0 3 3.663924 4.819074 5.742187 5.874108 4.684518 8.905776 211410.0 984184.0 1826058.0 2645750.0 1095364.0 3086576.0
20 3 3.951932 4.039913 5.027708 5.95541 6.799862 6.999773 210390.0 283378.0 445494.0 812064.0 825970.0 982808.0
50 3 3.234366 4.499403 5.530434 5.979843 5.903259 8.950142 205482.0 1063916.0 2106408.0 1733624.0 2512930.0 2350492.0
100 3 3.171998 3.15207 5.422964 7.119776 5.212011 23.455676 162714.0 135896.0 339864.0 542352.0 556222.0 2070744.0
200 3 4.173762 4.361707 4.562012 6.266264 6.218745 10.327628 219538.0 311482.0 546032.0 979772.0 1179092.0 2144970.0
0 5 3.459948 3.865813 6.616005 6.292023 3.311422 4.543401 225686.0 283034.0 681204.0 782514.0 776896.0 1032836.0
20 5 3.523376 4.890232 5.624351 6.320188 6.226802 7.086112 182324.0 1268808.0 2478772.0 2219240.0 3767882.0 3758314.0
50 5 3.69591 2.680061 3.596053 4.515861 14.348975 13.443538 231918.0 125176.0 372050.0 375544.0 1126926.0 1090910.0
100 5 3.531407 3.656105 4.716405 5.609916 5.668664 9.515492 170926.0 267220.0 522034.0 847108.0 1084836.0 1735636.0
200 5 3.952259 4.051346 6.144136 10.903901 4.943325 23.73222 175580.0 147792.0 288652.0 420618.0 151988.0 899640.0
0 0 1.827799 3.95014 4.873763 5.779066 5.88772 10.735599 31876.0 234240.0 414344.0 705558.0 1029616.0 2222362.0
20 0 6.003786 4.04388 5.04199 5.875713 5.728283 7.563963 470468.0 388996.0 1056222.0 1452324.0 1352272.0 1546104.0
50 0 3.720985 4.859517 4.79646 5.812906 7.02853 6.64174 220838.0 715540.0 571366.0 1456526.0 1829900.0 1950674.0
100 0 4.02383 4.439978 4.967867 5.879652 5.802737 9.958057 510170.0 858066.0 1161368.0 1373644.0 1705914.0 2527874.0
200 0 3.721993 4.230264 5.800844 5.778952 5.722261 9.919959 248562.0 622944.0 1610512.0 1889288.0 1821200.0 2928524.0
0 3 3.940147 3.943972 2.792103 5.880008 3.847816 4.55134 375344.0 326340.0 479242.0 845204.0 1124548.0 347914.0
20 3 3.478649 3.936389 4.700701 5.716474 4.546325 6.478951 177652.0 460534.0 919352.0 686208.0 766892.0 779090.0
50 3 3.747894 3.771995 4.999852 6.751888 7.615418 11.555801 208188.0 171354.0 384326.0 598462.0 733352.0 1348390.0
100 3 3.754738 3.865004 6.783541 5.153875 5.78637 9.966036 245946.0 301500.0 754928.0 757144.0 1020482.0 2248976.0
200 3 4.312107 3.840148 7.315897 9.579432 14.269258 19.563692 233150.0 184308.0 342308.0 394366.0 583598.0 976628.0
0 5 3.578192 3.484651 3.713881 4.400919 6.323912 6.342946 219334.0 272862.0 297724.0 273270.0 1052338.0 1059580.0
20 5 3.528119 3.600049 4.564081 6.414748 5.79451 4.595564 181206.0 237468.0 415972.0 664052.0 854384.0 1029028.0
50 5 3.505486 4.662314 5.599583 5.589891 5.703227 5.872362 143762.0 394440.0 695842.0 847384.0 1011554.0 1325762.0
100 5 2.224007 4.076003 5.215547 8.971872 10.067965 17.122518 182886.0 257236.0 321358.0 454900.0 618606.0 1054348.0
200 5 4.029337 4.167547 4.436792 5.405158 5.296429 9.07683 239678.0 349624.0 525746.0 837710.0 847778.0 1832006.0
0 0 4.280272 4.363995 4.244334 6.082762 8.048 7.107902 451494.0 412084.0 466166.0 1579970.0 2256764.0 1845762.0
20 0 3.234592 4.467621 4.971952 5.843752 5.785564 7.769043 229164.0 842758.0 1010246.0 1335944.0 1679220.0 1825184.0
50 0 4.011383 5.071486 5.051885 5.895787 5.887719 10.075861 497342.0 850802.0 1153818.0 1423020.0 1812062.0 3202336.0
100 0 3.015495 4.802522 5.693 5.662954 5.844011 6.522092 135570.0 748820.0 1392380.0 1195144.0 2235130.0 1960544.0
200 0 4.028409 4.300685 4.948477 5.964768 5.850945 7.1448 376092.0 608500.0 907142.0 1657338.0 1736822.0 1433438.0
0 3 3.016148 4.278833 4.187163 5.78178 5.704357 6.812764 168794.0 647634.0 602022.0 1284302.0 1562126.0 2065634.0
20 3 3.964062 3.301072 7.188042 6.904458 4.943912 7.880362 188776.0 149484.0 454002.0 667624.0 489332.0 835450.0
50 3 4.104949 3.651734 5.150998 6.073438 6.043455 6.934023 231538.0 324776.0 540972.0 1088190.0 1234574.0 1457258.0
100 3 3.608298 4.480477 3.432015 7.543878 10.220406 8.160239 181924.0 210826.0 123314.0 451876.0 692354.0 825366.0
200 3 3.29993 3.406742 3.607182 6.220132 6.157851 7.049491 93858.0 257042.0 270414.0 883392.0 1196688.0 1358682.0
0 5 3.603807 3.487258 5.328173 6.3274 5.275565 7.136202 298310.0 257884.0 651026.0 757488.0 918288.0 902418.0
20 5 3.461228 4.648084 4.621869 5.444933 6.364986 6.241268 171864.0 509120.0 548166.0 749946.0 1495060.0 1444090.0
50 5 3.664069 1.820185 6.656101 6.755974 6.783401 13.524273 180012.0 132808.0 319250.0 482718.0 661102.0 1253018.0
100 5 3.765167 3.890407 4.936482 5.720379 8.671756 9.595584 227204.0 324032.0 423350.0 616524.0 1410142.0 1464098.0
200 5 3.420306 4.064037 6.080075 11.988107 5.107759 5.25227 170724.0 143186.0 312322.0 405024.0 111568.0 163924.0
0 0 3.888099 4.013838 4.930455 5.92056 5.827076 6.745578 231998.0 298034.0 601020.0 841182.0 986504.0 1309344.0
20 0 4.024343 3.98738 4.939493 6.04029 5.740005 7.012245 394522.0 573398.0 724922.0 1670566.0 1506868.0 1490730.0
50 0 3.700817 4.778295 3.999488 5.684879 4.937652 6.572398 202148.0 649324.0 478356.0 1579528.0 1109788.0 1668990.0
100 0 4.208015 4.283703 4.968182 5.963463 5.911724 6.835787 476184.0 659246.0 1148208.0 1293224.0 1987770.0 1845056.0
200 0 3.09365 5.026064 5.947606 5.882502 5.965912 6.981775 164112.0 818624.0 1042888.0 1753134.0 2253352.0 1862470.0
0 3 4.01223 4.055935 5.020001 6.099933 4.830621 6.800958 392302.0 277490.0 551612.0 655910.0 1136500.0 1400874.0
20 3 3.797721 4.231524 5.010812 5.71801 5.733884 7.013631 237054.0 658258.0 883836.0 1317832.0 1853424.0 2109484.0
50 3 3.876018 4.035951 5.103938 6.851756 5.135865 12.79596 176112.0 217358.0 357138.0 553892.0 741614.0 1218370.0
100 3 2.171668 4.128912 4.161962 6.161233 6.066441 10.083799 61220.0 286344.0 282278.0 593986.0 977008.0 2167024.0
200 3 3.907905 3.683981 6.627491 13.846967 5.743976 15.795779 176078.0 150806.0 301594.0 755702.0 743946.0 1167872.0
0 5 3.76573 3.674748 4.712164 5.567946 5.859442 10.442385 219118.0 246246.0 495144.0 765176.0 1183022.0 2192392.0
20 5 1.923877 3.840004 4.932015 6.129381 6.648471 11.90794 191354.0 162988.0 333906.0 641792.0 722814.0 1571708.0
50 5 3.687081 4.11001 4.796271 5.579908 6.532539 7.904008 239516.0 369928.0 517446.0 865472.0 1159964.0 1450376.0
100 5 4.800027 3.924283 4.256101 8.839661 9.855929 7.796023 186006.0 215822.0 330730.0 494032.0 601788.0 463364.0
200 5 3.96399 3.403436 4.416633 4.062112 5.91839 5.984359 190042.0 263508.0 443934.0 397906.0 974472.0 1266662.0
0 0 4.124114 4.20349 5.210819 4.219751 6.100439 6.963871 386992.0 628454.0 918010.0 446978.0 1619088.0 1273264.0
20 0 4.101986 4.211488 5.13526 5.040208 5.95948 5.910503 435326.0 564970.0 1208234.0 581578.0 1771454.0 1279142.0
50 0 4.335752 4.216023 6.099828 5.918084 5.778689 6.703794 585424.0 668170.0 1070196.0 1596922.0 1654158.0 1406896.0
100 0 3.620123 4.712582 4.682794 5.666397 5.702752 10.571484 235942.0 728558.0 943650.0 1398504.0 1921174.0 3017414.0
200 0 3.911682 4.347879 4.935395 6.05585 5.877661 8.56792 340582.0 518004.0 873550.0 1590896.0 1657834.0 1245344.0
0 3 3.562573 5.716825 4.2507 5.421062 5.311603 7.576785 165360.0 916868.0 479740.0 1060980.0 1036494.0 2239694.0
20 3 4.195946 3.943783 5.060101 4.035927 3.903994 7.771886 243146.0 280572.0 339750.0 222376.0 211812.0 946680.0
50 3 3.156178 4.137913 5.660959 5.879972 4.804429 7.045462 152940.0 520184.0 567022.0 818238.0 559638.0 1733924.0
100 3 3.739838 3.571766 3.760031 8.487537 12.646046 16.723857 171068.0 137880.0 307370.0 478730.0 701936.0 1079560.0
200 3 2.984715 3.761897 4.650698 5.935439 5.733849 5.874745 114398.0 226588.0 363840.0 888682.0 1104286.0 1197722.0
0 5 3.76732 3.844001 2.972119 6.207585 6.659953 10.555721 248734.0 233678.0 210014.0 710348.0 889694.0 1684394.0
20 5 3.031253 4.257566 4.949962 5.996747 5.683979 8.826911 172748.0 517614.0 719378.0 1243172.0 1182166.0 1992182.0
50 5 3.80389 3.247917 5.871906 6.92801 10.680782 11.823951 177478.0 142676.0 389326.0 534532.0 985198.0 1487672.0
100 5 2.906138 3.948932 4.897554 5.820489 5.758132 10.686877 128968.0 259946.0 526902.0 718074.0 1219792.0 2346622.0
200 5 4.476017 4.288037 5.431933 8.163609 10.08807 23.295587 190630.0 127802.0 418212.0 650434.0 791052.0 1171484.0
0 0 3.37497 4.213227 5.103959 6.073048 6.028372 9.888054 168820.0 279520.0 434390.0 547158.0 1201880.0 2435342.0
20 0 4.03576 4.360208 5.059868 5.875544 5.690072 6.743121 488760.0 800826.0 1283774.0 1763062.0 2007770.0 1763558.0
50 0 3.703401 4.809187 5.73303 5.890923 5.514115 6.81221 249440.0 819564.0 1517048.0 1724186.0 1641664.0 2197460.0
100 0 4.867886 4.031931 6.100032 6.583999 5.855543 7.343767 606536.0 471506.0 1271634.0 2230836.0 2233112.0 2362506.0
200 0 3.421891 4.718123 5.597897 5.4868 5.684101 6.25402 253812.0 909960.0 1320474.0 1605608.0 2202206.0 2391482.0
0 3 3.595762 3.592243 4.712312 5.50017 6.319312 7.235702 271042.0 243472.0 386334.0 686258.0 1290512.0 1115398.0
20 3 3.412523 3.812511 4.410178 6.366631 6.271924 6.264955 134582.0 397806.0 462788.0 1000254.0 1114468.0 1407562.0
50 3 3.519936 3.007923 4.884222 6.671991 6.90771 8.52392 176480.0 125956.0 324880.0 577866.0 718606.0 819462.0
100 3 3.687228 3.686917 4.673341 5.596661 5.747349 6.563248 218836.0 296758.0 466676.0 760002.0 1145726.0 1610938.0
200 3 4.003189 4.176011 6.087166 8.994117 4.948974 14.91538 155432.0 238010.0 395790.0 534590.0 190782.0 1372844.0
0 5 2.964774 4.118825 5.105557 6.042904 7.010859 6.010254 104172.0 306044.0 484626.0 593148.0 1106560.0 1176298.0
20 5 3.659848 2.607913 5.443629 6.322911 4.235978 8.247807 191390.0 194894.0 338158.0 638628.0 274570.0 902580.0
50 5 3.734395 3.607676 4.983308 5.548703 5.658107 5.609169 242622.0 326946.0 424508.0 927522.0 998378.0 1040052.0
100 5 3.852112 3.932054 4.064016 7.835562 4.843055 7.019928 179694.0 216830.0 206630.0 482012.0 235332.0 414962.0
200 5 2.959295 4.084869 5.038562 5.929269 5.882343 6.218516 116986.0 282832.0 546766.0 798764.0 1218018.0 1303372.0
0 0 4.203405 5.231115 4.451857 6.019979 5.879198 7.755697 383298.0 642378.0 668224.0 1585918.0 1547650.0 1586128.0
20 0 3.954601 4.451065 5.412598 5.186886 5.936949 6.907583 241734.0 746990.0 1311654.0 1340148.0 1542626.0 2562884.0
50 0 4.024094 4.435837 4.96786 5.921612 5.909221 6.896214 469714.0 792434.0 1200176.0 1624102.0 1859346.0 1458584.0
100 0 3.125325 4.373189 5.077113 5.969628 6.002557 5.93954 229510.0 924950.0 1384164.0 1588782.0 2013972.0 1682820.0
200 0 4.240089 4.472046 4.595783 6.331873 5.614165 7.263487 371784.0 780516.0 606474.0 1505440.0 1561816.0 1214496.0
0 3 3.346188 3.718107 5.454738 5.593655 5.513496 7.299708 218166.0 357494.0 1280886.0 1625644.0 1831840.0 1981830.0
20 3 3.556034 3.679951 4.719913 4.894831 6.6119 11.507943 216104.0 205156.0 414628.0 769334.0 1000254.0 1681636.0
50 3 3.773759 3.901791 4.87609 5.898942 5.866487 5.951233 259662.0 403106.0 654850.0 940476.0 1393158.0 1468266.0
100 3 3.567748 3.791848 5.507936 7.424924 4.724096 16.655495 188056.0 152018.0 303432.0 547768.0 248740.0 1142884.0
200 3 3.640684 3.499917 4.547518 5.56137 4.44917 10.424909 225926.0 235818.0 391342.0 881516.0 624740.0 2148366.0
0 5 3.687398 3.856014 4.841783 3.24371 5.856198 6.672223 221022.0 222508.0 421442.0 758712.0 1216540.0 1092038.0
20 5 3.823686 4.297094 4.953098 5.965642 5.806524 6.731313 194280.0 436590.0 777882.0 880772.0 1070678.0 1538546.0
50 5 5.055929 3.960067 4.223934 7.047469 8.012061 13.979813 229460.0 181658.0 304046.0 520858.0 654770.0 1238076.0
100 5 4.162009 5.30285 4.512721 5.545598 6.326144 9.218859 223844.0 285600.0 406932.0 697462.0 1329196.0 1706224.0
200 5 3.679903 4.748049 5.931981 9.703603 13.719937 7.599884 180934.0 151996.0 371648.0 402722.0 709706.0 300190.0
0 0 3.531102 3.57922 4.562264 5.672295 10.686278 6.734511 186656.0 272066.0 499056.0 450196.0 1564904.0 1229974.0
20 0 3.727875 3.919414 4.774677 5.960065 4.667946 6.384356 361168.0 361056.0 914056.0 1676900.0 832584.0 1270040.0
50 0 3.410334 4.472478 5.283088 6.222902 6.113669 5.988704 209556.0 761106.0 983448.0 1461120.0 1778284.0 1297106.0
100 0 4.256467 4.352211 5.20779 6.14269 6.04797 7.011145 527632.0 694188.0 1164164.0 1840176.0 1852602.0 2160512.0
200 0 3.249849 5.065067 5.24919 5.265309 5.877934 6.888329 252166.0 784834.0 1412648.0 1113890.0 1864110.0 1889048.0
0 3 4.200124 4.320061 5.24371 5.483979 6.092091 10.143848 360920.0 613992.0 936810.0 761698.0 794116.0 1473634.0
20 3 3.373078 3.70335 4.467662 5.780137 6.325141 10.281075 126518.0 405140.0 546634.0 1001800.0 1496688.0 2601168.0
50 3 3.743855 3.768181 2.771334 6.479449 6.551942 11.539881 193184.0 188244.0 168576.0 507888.0 752784.0 1405088.0
100 3 3.530823 3.701447 3.935347 5.633532 5.670833 8.89056 184722.0 299178.0 349612.0 860070.0 1162436.0 2142796.0
200 3 4.048056 4.218079 3.519973 8.392025 12.215189 18.103742 180988.0 187946.0 194486.0 528706.0 658422.0 1081268.0
0 5 3.437096 3.528418 3.197702 6.212892 6.168388 7.151256 181678.0 243720.0 144222.0 873554.0 962380.0 1185842.0
20 5 4.363966 3.567993 3.392032 6.34806 5.632102 7.603848 212852.0 197772.0 193916.0 606646.0 829034.0 939648.0
50 5 3.734375 3.609611 4.526446 5.515356 6.284993 6.252407 222550.0 268806.0 541820.0 996364.0 1205334.0 1597580.0
100 5 3.600034 3.688395 9.631959 8.031484 9.871814 7.623919 213790.0 208344.0 380398.0 631638.0 659188.0 370604.0
200 5 2.953112 3.774092 4.826683 5.800606 5.785216 9.90484 118280.0 262334.0 450288.0 829224.0 1016626.0 1745840.0
0 0 4.008246 4.268041 4.956025 5.963248 5.921124 6.855762 487458.0 568814.0 1111820.0 1753258.0 1834448.0 1912646.0
20 0 3.877027 4.32741 4.985524 5.219405 5.860119 5.873027 340084.0 623138.0 1169426.0 1292078.0 2186608.0 1772886.0
50 0 4.160057 4.951951 5.804249 5.867066 5.927754 6.6398 579372.0 886154.0 1317952.0 1793710.0 2059500.0 1749908.0
100 0 3.701877 4.795011 4.841563 5.747639 5.764171 5.779531 340814.0 806596.0 1302912.0 1887462.0 1951810.0 1710104.0
200 0 4.175881 4.48408 5.163912 6.15591 10.223963 6.955339 361988.0 711864.0 862150.0 1800356.0 2252110.0 1581874.0
0 3 3.296868 4.294541 4.90314 6.029493 5.000289 6.638753 230174.0 602630.0 1083478.0 1681874.0 1016326.0 1820964.0
20 3 4.028053 3.292082 5.027983 6.015639 6.935599 5.859942 303964.0 159572.0 440036.0 789552.0 741874.0 935066.0
50 3 4.114504 3.528668 4.545428 5.605432 5.481769 7.130788 227966.0 293626.0 645756.0 1042916.0 1015696.0 1578120.0
100 3 5.471985 3.483919 5.475794 7.652021 7.392069 14.571078 286958.0 152280.0 386900.0 503886.0 741024.0 1276944.0
200 3 3.578178 5.506818 5.381507 6.256931 6.131635 7.039173 340666.0 1128486.0 1460390.0 2218750.0 2714930.0 3837682.0
0 5 3.516048 4.267807 4.227976 5.34036 6.049087 8.180016 212440.0 360384.0 471446.0 760304.0 966140.0 1473498.0
20 5 3.125081 4.233332 5.158011 5.156231 6.035356 7.002295 151320.0 549780.0 748426.0 1111214.0 1796562.0 1658390.0
50 5 3.456044 3.435963 5.271824 6.579986 9.211199 14.23593 188570.0 155784.0 340254.0 580102.0 746394.0 1517138.0
100 5 4.238665 3.575598 4.622967 6.159885 6.065 10.092942 263562.0 192510.0 644548.0 654222.0 1335876.0 2168448.0
200 5 3.731359 3.580136 3.556136 11.535914 16.527458 23.35551 174278.0 123144.0 127700.0 446042.0 580344.0 1018262.0
0 0 4.907918 5.099398 5.617497 6.460019 6.320073 9.055563 1292668.0 1651518.0 2373548.0 2854330.0 3659480.0 2677492.0
20 0 3.864191 4.999872 5.702911 6.540701 5.617694 9.173926 250818.0 1993892.0 1950568.0 3149062.0 2303176.0 5746336.0
50 0 4.707712 5.316069 5.33875 5.939867 5.964084 9.579814 1161546.0 1735334.0 2039098.0 2436196.0 3279446.0 4436984.0
100 0 3.390382 5.471254 6.324389 6.192946 6.021998 7.217888 168826.0 1900054.0 2553980.0 2605284.0 3737036.0 4505356.0
200 0 4.215474 5.300161 5.149364 6.030299 5.930751 9.823943 655498.0 1343638.0 1478268.0 2291252.0 1784944.0 4221498.0
0 3 3.708197 4.899843 5.662999 5.749413 6.268529 9.104841 242288.0 1299698.0 2041992.0 2286082.0 3667644.0 5499298.0
20 3 3.514135 3.341621 5.192198 6.152018 9.09612 8.060704 250588.0 225122.0 481922.0 780748.0 1370952.0 751984.0
50 3 3.291728 4.412047 5.297991 5.515037 6.133699 10.275152 149250.0 403184.0 713506.0 1033678.0 1398154.0 2136144.0
100 3 4.232239 4.331615 6.254142 8.108682 9.102274 16.337825 227930.0 169086.0 300838.0 481866.0 579772.0 1051516.0
200 3 2.645756 3.628027 5.260865 5.48361 5.496135 10.175972 68756.0 267916.0 642788.0 840112.0 1069256.0 2386418.0
0 5 4.21176 3.623987 5.140721 5.167132 6.065032 7.967836 367988.0 287564.0 426640.0 774044.0 966346.0 1142548.0
20 5 3.484137 4.436668 5.171882 5.951746 5.819622 6.088621 296166.0 628082.0 1081144.0 1330646.0 1385552.0 2156720.0
50 5 3.867735 3.855824 7.819847 7.716129 5.840684 13.574915 184040.0 126812.0 504452.0 593196.0 705318.0 1221842.0
100 5 2.546752 3.905179 4.639318 6.288358 6.170061 10.17112 57966.0 298506.0 503556.0 841836.0 1137852.0 2257710.0
200 5 2.51872 4.463179 6.395625 9.501435 10.448741 9.194294 187974.0 249772.0 378896.0 478166.0 838980.0 748022.0
0 0 3.312232 4.242562 5.144235 6.030105 5.915114 10.814685 160662.0 278370.0 498064.0 888468.0 1124508.0 2204024.0
20 0 4.147777 4.110767 4.946964 5.851915 5.691185 7.62728 568538.0 698750.0 1199806.0 1816190.0 1928442.0 1952412.0
50 0 3.676979 4.78576 5.011862 5.559123 5.420549 6.335419 225046.0 730926.0 1222422.0 1304078.0 1407140.0 1980146.0
100 0 4.959129 4.719603 4.683593 6.483891 5.622886 10.22516 628110.0 1026768.0 972452.0 2014884.0 1662986.0 3373928.0
200 0 4.177915 6.217882 5.11224 6.016571 5.895731 6.806207 456630.0 1038844.0 1054470.0 2359604.0 2055016.0 2167530.0
0 3 4.010334 4.083516 5.044145 5.926764 6.850847 7.879733 421990.0 498166.0 830900.0 648888.0 962968.0 1543280.0
20 3 3.234414 4.171158 4.264502 6.092803 5.893041 6.802018 192928.0 725208.0 483442.0 1059808.0 1858858.0 1849082.0
50 3 3.987975 4.080432 5.100037 6.307846 7.018273 13.171465 203238.0 177294.0 375600.0 603832.0 730736.0 1456894.0
100 3 2.343563 4.092546 4.982301 5.888032 5.80089 9.769684 53056.0 280128.0 530968.0 798354.0 1065482.0 1959860.0
200 3 4.14294 4.244016 4.179846 9.292626 14.128702 8.11926 183740.0 222272.0 163064.0 402530.0 606042.0 913372.0
0 5 3.951276 3.982653 3.856602 5.816208 4.727154 6.632163 198466.0 259014.0 325748.0 811300.0 658818.0 1174140.0
20 5 3.888089 3.103985 4.944677 5.179404 6.277668 12.143784 202778.0 120462.0 400188.0 593058.0 800412.0 1753710.0
50 5 2.958899 4.078983 5.031262 5.989418 8.89228 6.82795 68676.0 303936.0 562354.0 1077152.0 1645490.0 1339818.0
100 5 3.288072 3.416409 6.184162 9.339344 10.031996 17.970014 184964.0 131038.0 253258.0 477604.0 562634.0 1044008.0
200 5 3.890374 3.992222 4.865823 5.770101 5.795414 6.575251 220370.0 283038.0 518144.0 837208.0 1115506.0 990406.0
0 0 3.755939 4.216221 4.66027 5.836047 5.550179 6.708451 277470.0 616942.0 671200.0 1399664.0 1489294.0 1216388.0
20 0 3.558711 4.641077 5.487629 6.37986 6.278746 6.264395 243420.0 793818.0 1280630.0 1765078.0 1459716.0 1857108.0
50 0 4.561634 4.629356 4.538729 5.510694 5.465496 10.359378 560734.0 691126.0 914028.0 1603752.0 1636852.0 2726924.0
100 0 4.368353 4.501767 6.595433 6.300537 5.515069 8.186962 585798.0 515336.0 1057848.0 1950454.0 1853318.0 2185762.0
200 0 4.485436 4.567521 4.811827 6.420046 5.619492 7.235818 417124.0 728362.0 994702.0 1537258.0 1337544.0 778874.0
0 3 4.166972 4.252012 4.436948 6.098526 5.991503 3.873819 245632.0 347040.0 612750.0 1157940.0 1229564.0 471876.0
20 3 4.143954 3.24472 3.331999 6.131863 6.459534 11.182798 333990.0 178208.0 406382.0 697504.0 789304.0 1577924.0
50 3 4.32755 4.444389 4.45324 5.499976 5.623523 7.129471 290416.0 376270.0 447356.0 986212.0 1323028.0 1418648.0
100 3 3.675957 2.588036 5.596118 7.383728 9.306402 14.340061 244366.0 222798.0 321054.0 604464.0 694894.0 1191966.0
200 3 3.75424 4.52512 4.609441 5.781522 6.323799 10.257381 114048.0 331946.0 510976.0 805548.0 1025570.0 2333908.0
0 5 3.379905 3.492363 4.62751 5.419843 3.604251 9.599623 204164.0 187490.0 587550.0 771620.0 968208.0 1765668.0
20 5 3.450446 4.541284 4.464548 5.374626 5.677022 8.147731 166910.0 554188.0 736890.0 1123498.0 1605142.0 1751204.0
50 5 3.611532 3.343921 5.284123 8.244036 8.205681 13.186754 181098.0 126762.0 333418.0 468902.0 617540.0 1344386.0
100 5 2.406328 4.473259 3.557331 5.500485 6.140002 10.200488 49442.0 305342.0 221028.0 760124.0 1061538.0 2486882.0
200 5 4.401348 3.072019 4.47959 7.655429 10.415905 23.382746 186554.0 120950.0 115846.0 633198.0 766656.0 1044942.0
0 0 2.624859 3.77378 4.742396 5.717281 5.698117 9.236308 102410.0 306566.0 601888.0 912820.0 1178470.0 1952552.0
20 0 4.420324 4.509634 5.759844 5.444256 6.282425 7.18032 465012.0 618042.0 1368442.0 1461106.0 1890184.0 1920676.0
50 0 2.121346 4.421019 4.453266 5.365231 5.931565 7.196753 40856.0 850886.0 646104.0 1248530.0 1757276.0 1502274.0
100 0 4.11832 4.340205 5.05215 6.016093 9.914496 10.262968 561256.0 734944.0 845528.0 1822170.0 2566028.0 2839886.0
200 0 3.187615 5.018574 5.008067 5.793454 5.705405 6.650992 186922.0 984768.0 1346840.0 1521044.0 2074298.0 2152292.0
0 3 3.859254 3.968856 4.955759 5.95307 5.996029 6.787824 230936.0 191502.0 439700.0 927088.0 1016066.0 1309348.0
20 3 3.129142 4.092836 4.870796 6.577377 4.714408 6.398319 210188.0 560658.0 906770.0 1497134.0 1010458.0 1295788.0
50 3 4.563966 3.630952 5.558068 6.568772 6.66262 11.560318 264188.0 138720.0 404476.0 591350.0 847956.0 1541722.0
100 3 3.765767 5.713184 4.62111 5.504223 6.380872 9.468931 241016.0 395986.0 501716.0 760084.0 936126.0 1814634.0
200 3 3.706417 3.731973 5.636198 9.631911 10.615437 23.288461 165472.0 170636.0 408508.0 426096.0 671572.0 1171350.0
0 5 3.640946 3.655665 4.540694 5.638529 6.327979 7.265533 187260.0 223862.0 342416.0 820926.0 1131026.0 1364346.0
20 5 4.499922 3.555939 4.743854 5.647606 5.723923 12.521356 235522.0 153928.0 368942.0 597812.0 594044.0 1757444.0
50 5 3.667329 3.79166 4.727165 5.618602 5.549107 6.570969 203320.0 341702.0 567592.0 664500.0 1119318.0 1216852.0
100 5 3.953651 4.018771 5.957302 8.230048 10.923713 17.192869 166346.0 166560.0 336644.0 449702.0 570650.0 983774.0
200 5 3.925337 4.022668 5.170547 4.218037 5.808623 5.70248 236836.0 277248.0 591336.0 425690.0 1067120.0 1221542.0
0 0 4.002808 3.748156 4.852947 5.776001 5.797114 7.322883 493200.0 331138.0 590442.0 1516050.0 1660748.0 1621800.0
20 0 3.259893 4.602817 4.205031 6.111462 8.116055 6.923387 175980.0 844962.0 684814.0 1660830.0 2281872.0 2003922.0
50 0 4.132614 4.547787 5.136005 6.019759 5.923464 7.895874 548478.0 787502.0 1328340.0 1989290.0 1935246.0 2255358.0
100 0 3.265545 4.342084 5.287266 5.860387 5.761865 6.644977 220506.0 994124.0 1641956.0 1769860.0 1858742.0 1963580.0
200 0 4.260183 5.110891 5.087916 5.991505 6.029924 8.951406 753148.0 1005286.0 716764.0 1555840.0 2697430.0 2563774.0
0 3 2.968609 4.812116 4.927486 5.717777 6.398331 6.277433 150020.0 1254532.0 1228602.0 2748034.0 3626578.0 2356362.0
20 3 3.432787 4.399928 5.291865 6.194605 6.066308 6.897854 207898.0 276570.0 414560.0 670118.0 969704.0 1342740.0
50 3 4.076227 4.166428 6.403049 5.972166 5.970985 6.915353 256070.0 421336.0 685542.0 1229282.0 1487662.0 1219368.0
100 3 4.107893 3.20811 5.196723 11.168833 7.248153 14.970909 189016.0 135912.0 389442.0 813232.0 760274.0 1168914.0
200 3 4.060793 4.159618 4.984347 5.918402 5.88028 9.82513 231572.0 339098.0 525246.0 763676.0 1042364.0 1927096.0
0 5 4.023849 4.10677 4.955955 5.967948 6.160304 7.056 243558.0 303934.0 585830.0 811694.0 841794.0 1051558.0
20 5 3.000126 4.224703 4.866456 5.791941 5.728296 6.603784 150826.0 608212.0 843782.0 1009458.0 1706848.0 1581874.0
50 5 3.854529 3.192157 5.092515 7.795913 4.004167 13.82766 179068.0 144920.0 305206.0 547180.0 215720.0 1320312.0
100 5 3.07846 3.328377 5.033257 5.877472 5.825081 6.702376 138718.0 254030.0 602392.0 942638.0 1076898.0 1449134.0
200 5 4.388029 4.180062 7.239934 8.179171 9.959684 14.083665 187652.0 120726.0 315490.0 562212.0 801880.0 1482976.0
0 0 3.265653 3.996359 4.941282 5.92107 5.852928 10.711191 188648.0 361386.0 553816.0 973240.0 1214994.0 2922520.0
20 0 3.869227 4.919946 4.944154 5.792004 5.686463 6.583827 465984.0 820256.0 1088598.0 1453400.0 1890458.0 2041198.0
50 0 3.608747 4.725324 5.62412 6.478734 6.36738 7.236114 197876.0 787338.0 1486832.0 2050986.0 2253720.0 1965092.0
100 0 4.593444 4.643981 5.437081 5.527793 6.235498 10.126365 584610.0 478980.0 1256602.0 1515618.0 1863440.0 3060400.0
200 0 3.223005 4.627218 4.495293 6.093624 5.991075 8.979921 161114.0 1019280.0 733348.0 1789028.0 2058580.0 2648724.0
0 3 4.007947 4.071707 5.056011 5.911116 5.882284 6.799363 434434.0 292836.0 687698.0 922584.0 1255068.0 1085148.0
20 3 3.874567 3.977906 4.828968 5.705558 5.72702 6.500817 233580.0 450622.0 541676.0 1030160.0 1484748.0 1639614.0
50 3 3.692763 3.739985 4.732413 6.715441 10.757873 12.547928 185484.0 180308.0 352128.0 437042.0 1200630.0 1420138.0
100 3 3.683914 3.787951 4.795226 5.792033 5.906195 10.537149 191636.0 301342.0 583584.0 931848.0 1166632.0 2185792.0
200 3 3.96456 4.070822 6.073304 7.043843 10.033141 15.071898 226148.0 231882.0 335192.0 583170.0 718248.0 1440684.0
0 5 3.840643 3.984187 4.960479 4.26403 6.05144 10.613885 166552.0 293002.0 580880.0 409622.0 1301346.0 2124960.0
20 5 3.840228 3.241519 4.800028 5.948905 6.748065 7.736816 205400.0 154560.0 377632.0 629546.0 885006.0 895174.0
50 5 2.803398 4.964463 4.917358 5.805612 5.724056 6.633812 129944.0 363270.0 528674.0 945412.0 1211684.0 1136554.0
100 5 3.140047 3.931992 4.919469 8.791474 7.895785 7.675009 137266.0 133840.0 270240.0 520794.0 735104.0 345474.0
200 5 2.922022 3.922145 4.759133 4.674113 5.694468 6.640106 117442.0 356042.0 579534.0 432968.0 933834.0 1370178.0
0 0 3.667414 3.824005 4.790446 6.515802 5.62762 7.327985 298542.0 340656.0 983924.0 1586874.0 1521092.0 1327416.0
20 0 3.409917 4.609527 4.701531 6.306574 6.179104 10.384702 193014.0 908566.0 1063510.0 1388962.0 1558932.0 3045910.0
50 0 4.243688 4.444026 5.208552 6.155829 6.030825 7.051889 508094.0 900038.0 1020232.0 1725650.0 1704498.0 1853018.0
100 0 3.114518 4.37081 5.018205 5.311321 5.870721 10.737062 184100.0 755980.0 1083980.0 1270906.0 1518514.0 3335470.0
200 0 4.19792 4.383634 5.025704 5.926322 5.827181 10.702371 549276.0 775370.0 1077054.0 1075612.0 2364170.0 2769036.0
0 3 3.644785 4.708071 5.559254 5.44552 7.264789 6.48838 210228.0 866518.0 1426526.0 1079592.0 2647696.0 2195130.0
20 3 3.479949 3.601764 4.677744 5.39591 4.40828 7.326947 219134.0 207424.0 411646.0 1144720.0 518472.0 994000.0
50 3 3.291843 4.383536 5.310438 6.205263 5.554247 10.116389 130426.0 391234.0 803648.0 923326.0 1390978.0 2232794.0
100 3 3.539855 3.323914 5.443994 7.541405 10.289299 15.349895 197492.0 141616.0 278936.0 506892.0 674624.0 1197204.0
200 3 3.399971 4.512274 4.608121 5.698271 5.650499 10.244953 158522.0 346058.0 528818.0 943026.0 1238474.0 2463352.0
0 5 3.439972 3.611924 4.685648 6.2601 6.211536 4.203069 276068.0 291106.0 524970.0 985052.0 957730.0 1121706.0
20 5 3.368715 4.440454 4.639616 5.29681 6.142648 6.358801 195970.0 516530.0 769516.0 766136.0 1444706.0 1652894.0
50 5 4.275941 3.767991 5.266005 7.31144 8.230134 13.221202 184102.0 228476.0 319268.0 558034.0 678528.0 1275984.0
100 5 3.499936 3.558201 4.623524 6.20449 6.100475 9.038226 199444.0 242224.0 494026.0 901476.0 1106654.0 1831344.0
200 5 4.448718 4.515971 3.431907 9.33738 4.548055 17.397151 187346.0 185692.0 127840.0 578106.0 261632.0 1234330.0
0 0 3.080982 4.143652 5.080894 5.989063 5.905451 9.13824 100910.0 285298.0 470784.0 891462.0 1092094.0 1512176.0
20 0 4.112097 4.18806 5.043961 6.008305 5.840208 6.795909 474094.0 389314.0 958472.0 1663574.0 1510810.0 1426068.0
50 0 3.711357 4.856286 4.763593 5.983173 5.875059 6.796936 219880.0 785260.0 707204.0 1765276.0 1849676.0 2490080.0
100 0 3.97988 4.263787 5.056049 6.036347 5.739961 6.751932 473598.0 724332.0 1301150.0 1958934.0 2160106.0 2149214.0
200 0 3.477385 4.58471 5.503079 6.33793 5.494402 7.286326 266764.0 818982.0 1305066.0 1879940.0 2000428.0 2708434.0
0 3 3.552144 4.355958 4.312393 5.65205 6.095998 10.235597 462458.0 412210.0 601588.0 658668.0 892476.0 1871028.0
20 3 3.145735 4.546403 5.309499 5.954754 5.841764 10.57132 216818.0 954178.0 1910602.0 2076408.0 2342994.0 4250536.0
50 3 3.739999 3.769811 5.688058 11.70807 6.926553 15.555977 273956.0 194618.0 354934.0 843958.0 751832.0 1568382.0
100 3 3.611529 4.051492 4.76478 6.430205 5.734869 7.27267 217026.0 357282.0 645614.0 1095754.0 1265034.0 1563220.0
200 3 3.887977 3.861268 5.623949 8.573064 9.663362 7.484236 182100.0 165976.0 427942.0 497040.0 737702.0 401678.0
0 5 3.672043 3.702161 4.824718 5.813831 5.717314 7.402926 234936.0 272418.0 556816.0 887488.0 1191186.0 1302024.0
20 5 2.975845 3.68644 3.628078 5.725889 8.479943 7.463028 198726.0 147094.0 169020.0 582940.0 1289758.0 1004380.0
50 5 3.53554 3.687714 4.52081 5.460534 5.595895 7.565995 122286.0 331222.0 667776.0 1017240.0 1205012.0 1628186.0
100 5 3.488188 3.455962 7.593742 8.60782 10.185447 18.375355 153308.0 102294.0 303674.0 475066.0 569880.0 1031616.0
200 5 4.168124 3.426046 5.212828 6.123223 6.058846 10.995984 208964.0 231314.0 501676.0 835576.0 1095812.0 2171052.0
0 0 4.148464 4.284031 4.342517 6.031901 5.855545 6.827906 414332.0 678290.0 591340.0 1729422.0 1678730.0 1697232.0
20 0 3.880182 4.344307 5.045521 5.805982 5.826056 6.931495 183200.0 853742.0 1263898.0 1848926.0 1974270.0 1377230.0
50 0 4.039429 4.230941 6.172069 5.787895 5.657169 10.650236 606052.0 721522.0 1742542.0 1109056.0 1725964.0 2770696.0
100 0 3.598241 4.691699 5.536923 7.676292 5.562199 6.557539 237066.0 910062.0 1795490.0 1977628.0 1804802.0 2574474.0
200 0 4.554113 3.952214 4.81953 6.521572 5.855155 6.649627 431802.0 534428.0 906294.0 1576594.0 1546170.0 1914020.0
0 3 3.250218 4.285798 4.255798 6.165587 6.014392 6.89785 220732.0 773800.0 486178.0 1769096.0 1992252.0 2015798.0
20 3 4.101757 4.176094 5.0879 6.045665 6.063991 7.967734 322252.0 276922.0 420254.0 604118.0 759240.0 960344.0
50 3 4.069022 3.495323 5.06262 4.953234 6.16893 6.683752 305556.0 274026.0 650296.0 612210.0 1105576.0 986654.0
100 3 4.007777 3.175437 6.867661 7.939488 9.871996 14.755465 177594.0 119400.0 308210.0 518226.0 659656.0 1296832.0
200 3 3.867807 4.175713 4.831236 5.746347 5.665019 6.865196 247078.0 339294.0 544128.0 788878.0 1154584.0 1189464.0
0 5 2.783709 3.023937 4.804143 3.812146 4.780366 10.657881 358912.0 310268.0 537016.0 1119768.0 767764.0 1869774.0
20 5 3.156508 4.261287 4.843694 5.702825 5.632063 6.582939 189920.0 578286.0 814106.0 1156686.0 1158414.0 1669690.0
50 5 3.799321 3.871945 3.096305 7.675269 8.581998 13.597339 209804.0 164708.0 102234.0 533028.0 688166.0 1297572.0
100 5 3.644411 3.769667 4.710171 5.886261 6.5041 10.369098 184578.0 213512.0 566118.0 700316.0 1049810.0 2061788.0
200 5 3.784235 3.968097 5.895874 11.703197 17.639215 23.249128 176324.0 134276.0 357354.0 471680.0 670452.0 977512.0
0 0 3.63078 3.875251 3.764763 6.296922 5.186293 10.324139 208382.0 337648.0 349322.0 574626.0 760306.0 1880272.0
20 0 3.731376 4.327992 5.239965 6.175284 6.058645 7.27728 389180.0 379888.0 1003618.0 1515036.0 1567108.0 1700986.0
50 0 3.915664 4.405587 4.908338 5.913111 5.687455 6.61103 235884.0 709154.0 1147482.0 1688196.0 1745702.0 1640532.0
100 0 3.88013 4.921663 5.082958 4.746469 5.706544 7.531869 491650.0 963512.0 1324260.0 683654.0 1868698.0 1835060.0
200 0 3.419139 4.683148 5.42652 6.300841 6.194525 7.128767 183142.0 845874.0 1387482.0 1572548.0 1990206.0 2017788.0
0 3 2.428174 3.535554 5.104028 6.050268 5.943017 9.863411 226496.0 206944.0 390300.0 718298.0 969612.0 1938114.0
20 3 3.296544 4.124798 5.036374 5.950888 5.874725 6.793858 202856.0 491794.0 891986.0 1487396.0 1549606.0 1691954.0
50 3 3.931922 3.251108 3.944876 6.843844 6.984022 13.703988 245724.0 170446.0 208758.0 590228.0 789898.0 1441772.0
100 3 3.937429 3.737496 3.646705 5.566151 6.528944 10.451012 273218.0 286742.0 218484.0 765176.0 1038500.0 1952660.0
200 3 3.627915 3.748255 3.807027 11.624383 10.642496 15.729174 158980.0 200258.0 245884.0 768588.0 569122.0 1364716.0
0 5 3.356822 3.500245 3.604877 6.271213 7.136159 10.296574 117812.0 276344.0 266312.0 766926.0 1108850.0 2416276.0
20 5 3.407905 3.384063 5.3641 6.124761 6.305662 15.033774 197462.0 116046.0 298752.0 651042.0 911600.0 1637808.0
50 5 4.135381 4.261963 4.084442 6.010676 5.983835 6.808586 200696.0 323020.0 267058.0 946764.0 1042570.0 1306546.0
100 5 3.998563 3.179953 6.156185 9.032591 11.267393 17.93154 153908.0 136728.0 320060.0 513276.0 644822.0 1060562.0
200 5 5.053157 4.140869 5.047479 5.955112 4.880862 6.789399 261622.0 254662.0 535422.0 808194.0 555264.0 1353876.0
