0 0 0.7681474 0.9215138 0.8445917 0.9204044 0.909024 0.909064 
0 0 0.6997186 0.8960555 0.9009762 0.923572 0.9097373 0.9331727 
20 0 0.6479933 0.8786393 0.8092153 0.8281455 0.872423 0.8594045 
50 0 0.7261304 0.8261016 0.7934382 0.9275537 0.8882127 0.9085027 
100 0 0.6147023 0.8570201 0.8831042 0.8690155 0.8568998 0.8409655 
200 0 0.6695003 0.8239055 0.8154919 0.8513498 0.8096378 0.832838 
0 3 0.633368 0.853984 0.8560471 0.9241227 0.7872358 0.8411947 
20 3 0.6267115 0.8388101 0.7961037 0.7858863 0.7684151 0.7115542 
50 3 0.6248609 0.8082854 0.7666403 0.8161521 0.7933265 0.7819192 
100 3 0.6523343 0.8474961 0.8171276 0.8294529 0.7620646 0.7451029 
200 3 0.6140775 0.8579301 0.825187 0.7669088 0.8136469 0.8108782 
0 5 0.6423721 0.778633 0.8213386 0.7355855 0.8033584 0.849485 
20 5 0.6582495 0.8370329 0.8418985 0.7929367 0.7907295 0.817467 
50 5 0.6178289 0.8903014 0.8423265 0.8062108 0.9218527 0.7465171 
100 5 0.6462031 0.8113904 0.799456 0.7430361 0.7340662 0.7374287 
200 5 0.6524293 0.8090568 0.8075019 0.7888978 0.8006949 0.7865512 
0 0 0.7210075 0.9666799 0.9242736 0.8600651 0.8626236 0.8584368 
20 0 0.6311326 0.8229074 0.7521538 0.9233185 0.850776 0.8861068 
50 0 0.7365487 0.8822352 0.8201325 0.892048 0.8502956 0.8499109 
