0 0 0.7834931 0.9794328 0.9183755 0.9474473 0.9473174 0.9749586 0.9927299 0.9804478 0.9390991 0.9547412 
0 0 0.612764 0.8465252 0.9528867 0.9474026 0.7767824 0.8715996 0.9580492 0.7949015 0.7765072 0.9450656 
0 0 0.7631463 1.0242062 0.8703009 0.9689137 1.0376564 0.968651 0.920226 0.9637815 0.9440751 0.9106392 
0 0 0.6630452 0.9062258 0.8062989 0.9264324 0.8555085 0.9477338 0.7322166 0.8213081 0.9125929 0.9648194 
0 0 0.7532899 1.0188873 1.0202772 1.0541225 0.9514185 0.9531693 1.0113838 0.9374598 1.0322084 1.0500854 
0 0 0.6489855 0.9273209 0.9270141 0.9674808 0.8990625 0.8111939 0.8826929 0.9115172 0.8485201 0.9465809 
0 0 0.8594524 1.0018549 0.9491407 0.9028013 0.9875509 1.0030381 1.0109406 0.999461 1.0894997 0.94409 
0 0 0.6799846 0.9542356 0.8392159 0.8561501 0.8928905 0.931 0.917216 0.9980833 0.9181396 0.973513 
0 0 0.7925298 0.9826845 0.9378835 0.9986637 0.9619383 1.009981 1.0045096 0.9913036 0.9796623 1.1316155 
0 0 0.6333131 0.9189605 0.871635 0.9187316 0.8518549 0.9005866 0.8875574 0.8947886 0.9925892 0.9740121 
0 0 0.732617 1.0005763 0.9693476 0.9870407 1.0080013 0.9972631 0.882947 0.928512 1.0208701 
0 0 0.6975956 0.915643 0.9004045 0.8608081 0.9463914 0.9036402 0.7636171 0.819164 0.9386032 
0 0 0.82173 0.9523611 0.9396082 0.9585691 1.0280805 0.9195242 0.9776543 0.9236144 1.0662803 
0 0 0.6079427 0.9657569 0.771015 0.9465615 0.9431084 0.9212204 0.7817519 0.8786876 0.9103296 
0 0 0.7881313 1.0183964 0.9941871 0.9598765 0.9956339 0.8480954 1.0147145 0.9437389 1.0143331 
0 0 0.6678397 0.8110304 0.8596245 0.8817602 0.9611021 1.0141368 0.8444925 0.9393865 0.8895027 
0 0 0.7942828 0.9808414 1.0132772 0.9556192 0.9151054 0.9716468 0.9716661 0.9766021 1.0169239 
0 0 0.634063 0.8573398 0.9624474 0.8801755 0.9112958 0.9340683 0.9300759 0.9422678 0.822676 
0 0 0.7836681 0.9421879 0.955685 0.9423138 0.9359801 0.9714046 0.9368243 0.9351958 0.9848611 
0 0 0.6096408 0.8675384 0.9607334 0.7768943 0.8075294 0.8955273 0.8308644 0.8307581 0.88107 
