0 0 0.783416 0.979416 0.918329 0.947409 0.947341 0.974913 0.992693 0.980496 0.939145 0.954661 1218126.0 1517976.0 1182660.0 2000938.0 891090.0 1134810.0 2424854.0 1174952.0 2236476.0 2386474.0
0 0 0.612737 0.846494 0.952808 0.947475 0.776779 0.871648 0.958022 0.794886 0.776435 0.945041 149226.0 1053872.0 1701992.0 2100948.0 1321658.0 645594.0 3107384.0 962824.0 436748.0 2054334.0
0 0 0.763031 1.024196 0.870271 0.968843 1.037612 0.968618 0.920296 0.963762 0.945969 0.910676 1049872.0 1215952.0 1095472.0 1011846.0 2378724.0 2195618.0 1106620.0 2230282.0 2962894.0 1123498.0
0 0 0.662978 0.906286 0.80632 0.926496 0.855445 0.947681 0.73221 0.821454 0.912533 0.964779 215822.0 1807348.0 1354700.0 1251862.0 2815004.0 1240718.0 580144.0 1069088.0 2773446.0 1987512.0
0 0 0.753271 1.018908 1.020243 1.054099 0.951433 0.953152 1.01144 0.937447 1.03216 1.050198 1017400.0 1012260.0 1636732.0 1622788.0 1540606.0 1889744.0 3138022.0 1600624.0 2878630.0 2216350.0
0 0 0.648952 0.927368 0.926938 0.967404 0.899019 0.811158 0.882635 0.91149 0.84848 0.946472 273432.0 1484160.0 1599326.0 2230728.0 2615772.0 1150900.0 3010920.0 1229950.0 2267326.0 2181962.0
0 0 0.859372 1.001751 0.949178 0.902824 0.987569 1.003011 1.010999 0.999415 1.089519 0.944051 1081520.0 1175112.0 1872328.0 1755262.0 2593998.0 1476630.0 1965182.0 2426832.0 2415000.0 1154970.0
0 0 0.679842 0.954214 0.838385 0.856179 0.892858 0.930921 0.917199 0.998071 0.918123 0.97248 188588.0 1602186.0 1451870.0 1596344.0 1776034.0 1669514.0 3003604.0 1645312.0 2471426.0 2494166.0
0 0 0.792414 0.982698 0.937913 0.998805 0.962077 1.009976 1.004549 0.991311 1.051246 1.13161 1215084.0 1312760.0 1970712.0 1058168.0 2803714.0 1517054.0 2290386.0 1774954.0 3219480.0 2894748.0
0 0 0.633257 0.918883 0.871572 0.918691 0.851797 0.900521 0.887541 0.89479 0.99254 0.974013 106320.0 1334420.0 979124.0 1618868.0 2253926.0 1600240.0 1840592.0 2153868.0 2680534.0 2387902.0
0 0 0.732536 1.000577 0.969321 0.987075 1.008027 0.997302 0.882928 0.928436 1.020922 1129258.0 1427706.0 1569246.0 1289666.0 2622130.0 1446508.0 1273588.0 1592582.0 2317854.0
0 0 0.69752 0.915569 0.900348 0.860738 0.946389 0.903686 0.763561 0.819157 0.938608 272616.0 1039732.0 1143500.0 1892098.0 3763308.0 2021216.0 1034044.0 1396368.0 2084118.0
0 0 0.821655 0.952314 0.939616 0.958543 1.028119 0.919556 0.977701 0.923579 1.066255 1203806.0 1150436.0 1791130.0 1472324.0 2389716.0 1743068.0 2997786.0 2017570.0 2727184.0
0 0 0.607825 0.965868 0.771035 0.946602 0.943097 0.921243 0.781741 0.878746 0.910299 194534.0 1079834.0 901966.0 1958776.0 2719606.0 1120374.0 1834908.0 1752748.0 1732214.0
0 0 0.788029 1.018409 0.994155 0.959986 0.995598 0.848148 1.014782 0.943684 1.014269 971110.0 1306190.0 1553000.0 1603810.0 2587710.0 585798.0 2870154.0 811440.0 2396808.0
0 0 0.667736 0.811018 0.859591 0.881837 0.961107 1.014187 0.844425 0.939344 0.889517 337340.0 1242534.0 1508562.0 1364182.0 3237590.0 2176322.0 1840708.0 2457252.0 2491740.0
0 0 0.794215 0.980869 1.013247 0.955686 0.914996 0.971651 0.971666 0.976539 1.016964 1074508.0 877490.0 1687660.0 1486466.0 2419056.0 1633200.0 1943072.0 1031738.0 1896492.0
0 0 0.634004 0.85738 0.962394 0.880268 0.911224 0.934061 0.930066 0.942217 0.822621 150830.0 1447530.0 1680276.0 1435082.0 2906552.0 2111812.0 2584234.0 1953462.0 753940.0
0 0 0.783575 0.942143 0.955629 0.942243 0.935908 0.971321 0.93685 0.935178 0.984881 1085484.0 999430.0 1484182.0 1392634.0 1379868.0 1655550.0 1260760.0 1773742.0 2073412.0
0 0 0.609538 0.867575 0.960721 0.776958 0.807486 0.895434 0.830812 0.830824 0.881023 187494.0 1203080.0 1295660.0 542876.0 1599152.0 1202214.0 834556.0 1230386.0 1785344.0
0 0 0.755884 0.893758 0.985557 0.961545 0.996216 0.980117 0.93853 0.940441 1.092788 729616.0 1082384.0 1325438.0 1136946.0 2217588.0 1627740.0 554652.0 543800.0 2083348.0
0 0 0.65152 0.939727 0.980321 0.887453 0.900937 0.87219 0.952117 1.022972 0.933141 156114.0 1040382.0 1083980.0 1204700.0 1748628.0 1383632.0 2275156.0 1657398.0 1453256.0
0 0 0.800317 0.967342 0.998071 1.011411 1.036385 1.019731 1.010514 0.966685 1.003501 852448.0 1151292.0 1122102.0 1427348.0 2794092.0 979184.0 2684026.0 779906.0 2008184.0
0 0 0.625457 0.868219 0.904415 1.012043 0.977989 0.88768 0.881539 0.816205 0.966646 347890.0 902730.0 1120544.0 1223354.0 1733266.0 858434.0 925216.0 1551748.0 511714.0
0 0 0.738494 1.050842 0.957526 1.002696 0.968821 1.006645 0.993863 0.919207 0.988344 720094.0 1204026.0 1499782.0 955764.0 1945552.0 1250678.0 1961822.0 1432836.0 1159034.0
0 0 0.596057 0.892064 0.955042 0.959279 0.836203 0.916134 0.874335 0.930221 0.934965 11756.0 925564.0 1377418.0 1504192.0 1311122.0 1334540.0 1417100.0 2099032.0 2184238.0
0 0 0.76993 0.93326 1.094463 0.960481 0.934878 0.981399 0.9499 0.970612 1.027291 875294.0 1199420.0 1431246.0 1557784.0 1640004.0 1365310.0 900320.0 1284052.0 1456232.0
0 0 0.634561 0.966649 0.92439 0.954251 0.934433 0.788815 0.896449 0.904152 0.897115 226936.0 1265414.0 988908.0 1301876.0 1986328.0 625860.0 2308084.0 1136278.0 1687816.0
0 0 0.760547 0.932674 0.981198 0.971253 0.992263 1.060739 0.982367 0.991455 0.964458 903834.0 1032228.0 1292744.0 1212468.0 2385348.0 1601316.0 2060952.0 1528222.0 1247788.0
0 0 0.629424 0.772585 0.816233 0.956149 0.823945 0.932722 0.797218 0.902988 0.775835 224266.0 804064.0 1044722.0 1468768.0 1070976.0 1447710.0 778334.0 1578986.0 865122.0
0 0 0.785888 0.981969 0.997756 0.90682 0.954388 2.607742 0.888627 1.017925 1.025683 1081004.0 942730.0 1476320.0 1161454.0 1441630.0 1211946.0 600424.0 1410156.0 843840.0
0 0 0.644386 0.889748 0.946873 0.965065 0.84312 0.840624 0.797899 0.876675 0.882237 206106.0 1239932.0 1407384.0 1637262.0 1234386.0 938274.0 1099466.0 1136130.0 797142.0
0 0 0.73823 1.041829 0.938034 0.971594 0.870283 0.952426 0.986767 0.994349 0.920989 866778.0 1059552.0 1289630.0 854680.0 813002.0 1475178.0 1982782.0 1418590.0 1013544.0
0 0 0.668657 0.923223 0.956396 0.982883 0.878578 1.027252 0.776587 0.913764 0.825456 204686.0 1230184.0 1493316.0 1022182.0 1703468.0 985374.0 704006.0 1226124.0 749812.0
0 0 0.827975 0.865916 1.026133 1.004486 0.924452 0.971243 0.946 1.005526 1.079367 989676.0 1224948.0 1441430.0 1300940.0 1340022.0 1290562.0 762978.0 995430.0 2526228.0
0 0 0.647516 0.819282 0.930349 0.957416 0.724471 0.899671 0.883254 0.867822 0.854491 220386.0 1110798.0 1565608.0 1341264.0 1232530.0 785584.0 2054698.0 1200170.0 645324.0
0 0 0.78318 0.937722 0.920666 1.017257 1.020378 1.001848 0.95044 1.030159 0.914355 940524.0 1017064.0 1409124.0 966850.0 1721318.0 1135502.0 1647758.0 1336208.0 721774.0
0 0 0.599285 0.797895 0.839221 0.768964 0.966472 0.786793 0.963543 0.75634 0.905842 182292.0 910752.0 1185182.0 770204.0 1648338.0 503514.0 2469792.0 511666.0 1833964.0
0 0 0.833034 1.038279 0.964605 0.969984 1.017397 0.921027 1.016537 1.035558 0.954002 1049412.0 1286392.0 1228306.0 872740.0 1998314.0 1350582.0 1784584.0 1867304.0 1102438.0
0 0 0.661059 0.90205 0.791165 0.908912 1.007949 0.86905 0.849647 0.902027 0.859208 201918.0 1139150.0 790218.0 1308356.0 2118000.0 1042190.0 1948182.0 1150466.0 1170558.0
