0 0 2.451834 1.348015 1.495901 2.116257 1.800015 1.719856 1289088.0 1647828.0 2368758.0 2849870.0 3654470.0 1982114.0
20 0 0.864114 1.624599 1.514477 1.905483 1.680162 1.623498 248668.0 1989652.0 1946768.0 3144162.0 2299486.0 5021496.0
50 0 1.15206 1.188371 1.344054 2.120182 1.627895 1.397851 1157306.0 1731644.0 2035298.0 2431626.0 3275206.0 3322194.0
100 0 1.078159 1.291738 1.524591 1.936427 1.453361 1.592779 166786.0 1895264.0 2549520.0 2601044.0 3732796.0 4449932.0
200 0 1.279348 1.367991 1.568035 2.02391 1.728793 1.584895 652798.0 1340168.0 1474688.0 2287562.0 1780814.0 2858112.0
0 3 1.114359 1.243139 1.562863 2.476263 1.468297 1.578085 240138.0 1296228.0 2038412.0 2281622.0 3662414.0 4774108.0
20 3 1.635892 1.280103 2.076755 3.252148 2.99214 5.456335 247998.0 222092.0 477242.0 774088.0 905688.0 743454.0
50 3 1.093312 1.795835 2.028495 2.603294 2.446102 2.328307 147320.0 400264.0 709596.0 1027898.0 1393144.0 1404754.0
100 3 1.859975 2.223702 3.930125 6.084715 7.002161 14.721857 225340.0 165176.0 295058.0 472566.0 571462.0 1037266.0
200 3 1.173698 1.58823 2.160797 2.710094 2.598804 2.436446 66606.0 265326.0 638548.0 834882.0 1064356.0 1416862.0
0 5 1.543824 1.44787 2.343772 3.279259 3.004589 2.842386 364298.0 284094.0 421300.0 767494.0 960676.0 1083032.0
20 5 1.546519 2.499251 1.828452 2.671958 2.119642 2.627602 293796.0 624942.0 1077564.0 1326406.0 1380542.0 2149496.0
50 5 1.771727 1.839972 5.715971 5.20801 6.496591 11.167223 181780.0 124332.0 496692.0 583236.0 700638.0 1208032.0
100 5 1.395586 1.840465 2.101599 2.888556 2.870026 2.559378 55926.0 295036.0 498876.0 835276.0 1131962.0 1356656.0
200 5 1.99085 2.359067 4.299046 8.147868 8.84077 7.578225 186044.0 246962.0 373116.0 470516.0 829900.0 738502.0
0 0 1.671944 1.811011 2.04397 2.687718 2.814795 2.357335 158182.0 275670.0 493604.0 882688.0 1118618.0 1206192.0
20 0 1.475617 1.444882 1.279246 2.384174 2.19148 2.239623 564848.0 695720.0 1195456.0 1811290.0 1923982.0 1897162.0
50 0 1.343926 1.385487 1.38684 2.149411 1.420297 2.235089 222456.0 726466.0 1218732.0 1300498.0 1402900.0 1972812.0
100 0 3.074864 1.427569 1.471463 2.588103 2.245535 2.061734 625190.0 1023078.0 969422.0 2009324.0 1656436.0 2258412.0
200 0 1.531614 1.702611 1.312225 2.416527 1.895759 2.105804 453930.0 998958.0 1049240.0 2353054.0 2050446.0 2143306.0
0 3 1.299859 1.250113 1.591978 3.166934 3.554906 5.259742 419070.0 494696.0 825340.0 642558.0 956088.0 1533870.0
20 3 1.097281 1.31879 1.524857 3.443248 2.193069 2.201775 190888.0 722178.0 480082.0 1055018.0 1854068.0 1822282.0
50 3 1.716065 1.808134 2.688145 4.111196 4.290339 10.935514 200318.0 172944.0 369600.0 597062.0 721876.0 1443084.0
100 3 0.95311 1.686987 1.92988 2.787916 2.700775 2.669351 51676.0 277208.0 527168.0 792794.0 1060692.0 1318554.0
200 3 2.051091 2.228013 2.523951 7.976652 12.768753 6.276097 180710.0 218912.0 160254.0 393780.0 595862.0 905282.0
0 5 1.624915 1.464507 1.449232 2.816166 1.826981 2.531953 196206.0 256534.0 323378.0 805850.0 655348.0 1148134.0
20 5 1.956034 1.439926 2.484974 3.959362 3.741658 4.130823 199858.0 118092.0 395618.0 585738.0 794302.0 916086.0
50 5 1.258998 1.416664 1.827682 2.824673 2.391857 2.827685 66746.0 301236.0 558774.0 1072032.0 1231532.0 1313576.0
100 5 1.92812 1.836383 4.179872 7.759835 8.49207 16.170008 182924.0 128888.0 248468.0 471054.0 554434.0 1030858.0
200 5 1.690312 1.880459 2.065699 2.869939 2.843755 3.145055 217010.0 279678.0 513904.0 832088.0 1110276.0 963598.0
0 0 1.336213 1.44416 1.460237 2.600009 2.356136 2.62771 275100.0 613582.0 668280.0 1393554.0 1484614.0 1189816.0
20 0 1.001291 1.740853 1.91269 2.479897 3.361491 2.108196 241050.0 790568.0 1276720.0 1760948.0 1454376.0 1831440.0
50 0 1.555847 1.993018 1.255946 2.234485 2.269564 2.039876 556824.0 687876.0 910778.0 1600062.0 1631182.0 1616512.0
100 0 1.734143 1.186591 1.577744 2.125278 2.116048 1.997022 581558.0 511096.0 843792.0 1944234.0 1848638.0 1869388.0
200 0 1.684481 1.548161 1.607863 2.840284 2.332215 1.432097 414204.0 724562.0 991232.0 1530840.0 1332864.0 752406.0
0 3 1.759412 1.40183 1.983822 2.698408 2.291366 1.304024 242382.0 344340.0 609610.0 1151390.0 1225104.0 469506.0
20 3 1.24407 1.224814 2.279898 2.547455 3.699574 9.562747 330740.0 176058.0 402802.0 691174.0 781984.0 1562134.0
50 3 1.734229 1.644368 1.921806 2.582498 2.462239 2.983402 287386.0 373240.0 444656.0 979992.0 1318348.0 1390992.0
100 3 1.832012 2.01622 3.772191 5.4601 7.286452 12.15224 241446.0 220538.0 316044.0 596154.0 685484.0 1180466.0
200 3 1.171881 1.724797 2.109415 2.916875 2.723537 2.557065 110868.0 328476.0 507616.0 800098.0 1019790.0 1363118.0
0 5 1.272092 1.16796 1.815525 2.583823 2.792392 3.663485 201574.0 183910.0 582980.0 765840.0 962868.0 966886.0
20 5 0.952731 1.44125 1.684877 2.25574 2.333496 2.14061 164540.0 551158.0 733860.0 1118048.0 1600902.0 1533320.0
50 5 1.735501 1.63627 3.356049 6.152171 6.101784 10.835336 178508.0 123952.0 327858.0 459602.0 609010.0 1328706.0
100 5 0.999669 1.967953 1.251074 2.884653 2.740009 2.623856 48062.0 302422.0 218658.0 754564.0 1055978.0 1490112.0
200 5 3.037799 2.016088 3.379614 6.031441 9.074026 23.382746 182864.0 119240.0 112816.0 624668.0 757796.0 1028162.0
0 0 1.218892 1.674024 2.233879 2.744156 2.69988 2.436146 100700.0 303646.0 598198.0 907480.0 1172800.0 1296360.0
20 0 1.211925 1.756197 1.319844 2.212192 2.187988 2.335462 462202.0 614022.0 1165182.0 1457526.0 1885174.0 1893672.0
50 0 0.921726 1.608319 1.375027 2.027754 2.231609 3.304884 39586.0 846866.0 642304.0 1244124.0 1752376.0 1446018.0
100 0 1.438133 1.444194 1.420178 2.304034 2.102607 1.99493 558336.0 731584.0 842058.0 1817710.0 2093384.0 1708972.0
200 0 0.916877 1.918489 1.793352 1.893388 1.905313 2.050681 185212.0 981188.0 1342270.0 1516254.0 2069508.0 2125272.0
0 3 1.575243 1.533326 2.055777 3.281173 2.852029 2.636089 228236.0 188582.0 434470.0 919988.0 1010836.0 1280530.0
20 3 1.153099 1.298382 1.923995 2.577307 1.917253 2.298093 208148.0 557628.0 902750.0 1492124.0 1006768.0 1270126.0
50 3 2.464304 2.055018 2.670583 4.376569 4.078516 10.988332 261048.0 136680.0 398696.0 583480.0 839866.0 1528572.0
100 3 1.578317 1.731667 2.165948 2.80412 2.980655 2.875195 238096.0 358014.0 497366.0 755074.0 929686.0 1273020.0
200 3 1.701338 2.016097 3.656432 7.619978 8.959318 23.288461 163212.0 168156.0 403058.0 418446.0 663372.0 1156770.0
0 5 1.703379 1.6557 2.12309 2.951787 2.827762 2.765068 184780.0 221382.0 339716.0 814706.0 1124806.0 1307764.0
20 5 1.915997 1.564122 2.503851 4.335601 3.347851 4.424269 232492.0 151008.0 363272.0 590822.0 588484.0 920956.0
50 5 1.567177 1.686644 1.927011 2.618259 2.549049 2.418371 200400.0 338672.0 563462.0 659600.0 1114858.0 1191286.0
100 5 1.851489 1.927116 4.597464 6.839332 9.043751 16.664721 163536.0 163640.0 331304.0 442052.0 562450.0 972054.0
200 5 1.718706 1.686791 2.639374 2.249037 2.715224 2.53913 233696.0 274328.0 587206.0 422660.0 1062440.0 1214868.0
0 0 1.592084 1.33647 2.176251 3.092265 2.333408 2.192556 490280.0 328218.0 586642.0 1510930.0 1655958.0 1594516.0
20 0 1.093679 1.827347 1.205062 2.719231 2.293331 2.22319 174050.0 840282.0 681784.0 1656810.0 1835642.0 1977154.0
50 0 1.119341 1.923981 1.3286 2.211959 2.059889 2.15997 545778.0 781942.0 1323440.0 1984280.0 1930236.0 2208558.0
100 0 0.926757 1.576722 1.899235 2.360458 2.161643 2.183979 218576.0 989884.0 1638046.0 1765290.0 1853732.0 1936984.0
200 0 1.287969 1.780042 1.539986 2.171988 1.734178 1.672726 750228.0 1001926.0 713624.0 1552040.0 2693410.0 1908896.0
0 3 1.062318 1.452816 1.309399 2.092959 1.763929 1.373865 148420.0 1251172.0 1225132.0 2744124.0 3621788.0 2349578.0
20 3 1.815924 2.307924 2.263883 2.994479 3.255107 3.154245 205418.0 273320.0 409990.0 664338.0 964034.0 1286486.0
50 3 1.624983 1.704482 1.362714 2.793256 2.170987 2.814964 253150.0 418746.0 488336.0 1223612.0 1482872.0 1193220.0
100 3 2.015814 1.756161 3.168743 8.664947 5.322612 13.257981 186096.0 133982.0 383992.0 802062.0 752404.0 1154444.0
200 3 1.818792 1.889373 1.884206 2.918436 2.690835 2.371176 228542.0 336178.0 522106.0 758776.0 1038014.0 1285346.0
0 5 1.302947 1.794687 1.843958 2.98796 3.476031 3.340681 240638.0 300794.0 581370.0 805694.0 834034.0 1020334.0
20 5 1.019822 1.711238 1.766371 2.392034 2.359538 2.20318 148786.0 604742.0 840202.0 1003238.0 1702058.0 1555626.0
50 5 1.838411 1.832238 3.780501 5.164153 2.159521 11.723736 176258.0 142110.0 300196.0 539750.0 213130.0 1305292.0
100 5 1.672277 1.640617 2.120174 2.777272 2.671502 2.546668 136678.0 251550.0 598372.0 937628.0 1070788.0 1423034.0
200 5 3.336305 2.559967 5.928161 6.602993 7.879877 14.083665 184952.0 116926.0 309490.0 554342.0 792800.0 1469606.0
0 0 1.625189 1.89624 1.937989 2.821001 2.552843 2.211054 186388.0 358576.0 550566.0 967570.0 1209874.0 1376630.0
20 0 1.156091 1.448037 1.360852 2.275958 2.181653 2.28009 463064.0 816016.0 1084138.0 1449490.0 1885448.0 2014336.0
50 0 1.32804 1.625213 1.951737 2.421741 2.26708 2.135907 195616.0 783208.0 1482482.0 2045976.0 2247940.0 1909434.0
100 0 1.705739 1.624484 1.368351 2.243781 2.1482 2.035397 580810.0 475840.0 1252582.0 1511048.0 1858320.0 1915720.0
200 0 0.999783 1.666814 1.25999 2.393474 2.190964 2.062788 159294.0 1013720.0 729878.0 1783908.0 2053020.0 1984780.0
0 3 1.548146 1.300342 2.287866 2.579169 2.377945 2.605565 429864.0 289476.0 682908.0 916034.0 1250058.0 1056362.0
20 3 1.593726 1.245042 1.929048 3.467733 2.184933 2.400667 230880.0 447482.0 536666.0 1023830.0 1479408.0 1613230.0
50 3 1.676829 1.856397 2.448474 4.519338 9.185875 10.411992 183114.0 176838.0 346238.0 429282.0 1186490.0 1404678.0
100 3 1.578223 1.68785 2.03414 2.949337 2.777387 2.436857 189376.0 298862.0 579564.0 926068.0 1160962.0 1188368.0
200 3 2.564335 1.747369 4.236183 4.947527 8.117096 13.201496 223338.0 229512.0 330072.0 575740.0 710158.0 1425884.0
0 5 1.641071 1.749637 2.195042 2.295299 3.078629 2.613588 164292.0 289752.0 576970.0 406922.0 1296006.0 1154758.0
20 5 1.828029 1.6612 2.34795 3.492386 3.856143 3.81874 202920.0 152080.0 372842.0 622226.0 878016.0 865214.0
50 5 1.093685 1.364291 2.386055 2.705302 2.423729 2.404073 127904.0 339908.0 525204.0 940402.0 1206344.0 1111114.0
100 5 1.563832 2.523778 4.395193 6.727459 5.887854 5.888244 135446.0 130260.0 264790.0 512814.0 726464.0 339584.0
200 5 1.183065 1.739514 1.959058 2.234369 2.616619 2.592756 115182.0 352022.0 576284.0 429168.0 929264.0 1343968.0
0 0 1.260977 1.428062 1.50002 2.535915 2.120075 2.170994 295952.0 337296.0 980454.0 1579664.0 1516082.0 1301142.0
20 0 0.921732 1.761476 1.607344 2.506764 2.379061 2.283619 191084.0 903996.0 1060480.0 1383182.0 1554032.0 1936910.0
50 0 1.175856 1.242124 1.488164 2.024236 2.135034 1.960475 505394.0 895138.0 1016542.0 1721740.0 1699158.0 1797644.0
100 0 1.01446 1.873817 1.781279 1.940805 2.370575 2.135319 182060.0 751630.0 1080730.0 1267546.0 1513284.0 2196768.0
200 0 1.693938 1.351488 1.711848 2.610345 2.322813 2.16161 546026.0 771790.0 1073144.0 1072032.0 2359710.0 1729520.0
0 3 0.905633 1.695241 1.359018 2.345621 2.164559 2.043299 208298.0 862168.0 1421956.0 1075352.0 2172980.0 2167844.0
20 3 1.60433 1.856004 2.530084 2.987917 1.703337 3.594033 216654.0 203404.0 407076.0 1138280.0 515332.0 934618.0
50 3 1.191906 1.36959 2.01681 2.805208 2.4813 2.315941 128496.0 388314.0 800068.0 917766.0 1386298.0 1527700.0
100 3 1.571953 2.184298 3.600008 5.525468 8.409229 13.461969 195012.0 138806.0 273816.0 498142.0 661914.0 1183834.0
200 3 1.399789 1.981775 2.077124 2.727753 2.556762 2.44474 156262.0 343468.0 525678.0 937796.0 1233464.0 1466440.0
0 5 1.068029 1.460011 2.009292 2.672037 3.10354 3.176063 273808.0 288626.0 521280.0 978172.0 951510.0 1114716.0
20 5 1.139845 1.340308 3.374182 2.379587 2.242603 2.37877 193820.0 512840.0 766376.0 760686.0 1440136.0 1626164.0
50 5 1.871896 1.924473 3.16838 5.287712 5.995152 10.811772 181292.0 224786.0 314148.0 549944.0 669118.0 1261184.0
100 5 1.843458 1.886657 2.092528 2.854288 2.600704 2.438127 197184.0 239634.0 490446.0 895586.0 1101314.0 1155386.0
200 5 2.43612 2.408217 2.251652 7.763961 2.964104 16.03718 184756.0 182992.0 125910.0 569026.0 258602.0 1219530.0
0 0 1.625351 1.747784 2.181108 2.904447 2.705243 2.492013 98870.0 282488.0 466214.0 886452.0 1086094.0 1158112.0
20 0 1.491844 1.556139 1.492003 2.544127 2.168031 2.731122 470404.0 385624.0 955002.0 1659114.0 1505470.0 1399338.0
50 0 1.011191 1.756031 1.401607 2.577877 2.515645 2.624852 216554.0 781130.0 703844.0 1761036.0 1845216.0 2463800.0
100 0 1.267909 1.707675 1.576315 1.386367 2.283784 2.20674 471008.0 720752.0 1297020.0 1384048.0 2154656.0 2122792.0
200 0 0.952924 1.395591 1.303052 2.337743 2.119289 2.101603 264504.0 814412.0 1300386.0 1875040.0 1995418.0 2131852.0
0 3 1.664208 1.280067 1.467862 2.972129 3.031954 2.833475 458878.0 408080.0 598118.0 652558.0 885376.0 1003620.0
20 3 1.045593 1.347228 1.960416 2.640158 2.056275 7.999046 214778.0 950048.0 1905152.0 2070518.0 2337984.0 4240026.0
50 3 1.635917 1.705911 2.864074 3.598718 4.782595 13.143549 270046.0 192248.0 349264.0 539268.0 743412.0 1548632.0
100 3 1.511517 1.819846 1.952493 2.827606 2.470356 2.572371 214656.0 354142.0 642584.0 1089974.0 1260684.0 1509718.0
200 3 2.043962 2.233298 3.652594 6.86109 8.303378 5.988174 179400.0 162396.0 422932.0 489500.0 728842.0 396228.0
0 5 1.649712 1.611347 2.238236 2.897155 2.780632 2.402656 231906.0 269828.0 552246.0 881598.0 1185846.0 1240768.0
20 5 1.656177 1.628184 1.616071 3.227199 5.500125 4.148937 196576.0 144944.0 166320.0 577270.0 1278698.0 973838.0
50 5 1.312355 1.452944 1.912683 2.655545 2.39253 2.510343 120136.0 328852.0 664966.0 1012010.0 1200552.0 1528224.0
100 5 1.872253 1.656007 7.241428 7.000054 8.062343 16.751321 150608.0 100034.0 297894.0 466976.0 562010.0 1019126.0
200 5 1.640479 1.200626 2.112653 2.823055 2.65865 2.295734 206264.0 228724.0 497656.0 829576.0 1090252.0 1174012.0
0 0 1.119874 1.512189 1.27052 2.46866 2.167429 2.326394 411742.0 675040.0 587870.0 1724742.0 1673720.0 1670512.0
20 0 1.180086 1.213225 1.670564 2.405626 2.225797 3.354018 180720.0 850492.0 1259438.0 1845016.0 1969040.0 1349504.0
50 0 1.107924 1.307524 1.304525 2.052072 2.151948 2.232973 602582.0 718492.0 1537844.0 1104816.0 1720844.0 1659436.0
100 0 1.141007 1.691435 1.701842 2.120112 2.249902 2.220941 235026.0 905052.0 1790370.0 1714278.0 1799792.0 2546606.0
200 0 1.660296 1.535962 1.5836 2.621949 2.352605 2.665773 428992.0 531838.0 903044.0 1571584.0 1541270.0 1887746.0
0 3 1.015689 1.285736 1.498757 2.500772 2.214294 2.197676 218692.0 770660.0 482928.0 1763866.0 1987682.0 1989030.0
20 3 1.211978 1.723899 2.360181 3.325782 3.528002 3.755813 318672.0 273892.0 415134.0 596138.0 751920.0 903444.0
50 3 1.70284 1.164521 1.906474 2.108931 3.157634 2.883604 302196.0 271766.0 647046.0 608960.0 1100016.0 960460.0
100 3 2.163992 1.85927 5.199635 6.053722 7.764041 12.951697 174674.0 117250.0 303860.0 510686.0 650466.0 1281922.0
200 3 1.767601 1.843115 1.931246 2.746337 2.665043 2.927262 244048.0 335422.0 540328.0 784308.0 1149794.0 1136040.0
0 5 1.647693 1.707779 1.796364 2.900333 3.67999 7.321956 355222.0 306798.0 532336.0 1113988.0 762204.0 1856404.0
20 5 1.187596 1.745721 1.843709 2.129152 2.280443 2.429639 188100.0 574376.0 810636.0 1152226.0 1153954.0 1643966.0
50 5 1.911315 1.983903 1.703851 5.083275 6.482954 11.397445 206994.0 160908.0 100744.0 526588.0 678976.0 1284092.0
100 5 1.544348 1.29669 2.010105 3.217576 3.203942 2.868937 181768.0 211362.0 561548.0 695416.0 1042380.0 1224222.0
200 5 1.98007 3.136268 4.57591 10.43129 16.539161 23.249128 173734.0 131906.0 352564.0 464030.0 659832.0 964362.0
0 0 1.559361 1.921917 1.792703 3.450814 2.086235 3.108391 205352.0 334948.0 346732.0 569176.0 756946.0 1080372.0
20 0 1.583415 1.303826 1.639974 2.755078 2.379073 2.312397 386700.0 377078.0 1000038.0 1509256.0 1561768.0 1648740.0
50 0 1.015554 1.655512 1.502074 2.588629 2.326524 2.110866 233734.0 706124.0 1144012.0 1684176.0 1739938.0 1613560.0
100 0 1.516179 1.365782 1.419003 2.166512 2.244105 2.264306 488950.0 959712.0 1319910.0 680184.0 1864128.0 1787892.0
200 0 0.953085 1.682447 1.390286 2.400875 2.0944 2.02846 180992.0 840644.0 1384122.0 1568308.0 1985306.0 1962790.0
0 3 1.639945 1.648016 2.516017 3.330331 2.735177 2.690414 225006.0 204574.0 385840.0 711528.0 963392.0 1046390.0
20 3 1.026681 1.324717 1.499148 2.637467 2.274594 2.077201 200816.0 488654.0 888406.0 1481836.0 1544926.0 1665076.0
50 3 1.423972 1.67556 1.664081 4.347881 4.743797 11.216162 243464.0 168516.0 206388.0 582578.0 782468.0 1425212.0
100 3 1.633296 1.625285 1.54589 2.639937 2.984251 2.561865 269638.0 284262.0 215414.0 760056.0 1031510.0 1085416.0
200 3 1.656044 2.076069 2.223065 9.520791 9.586322 15.199008 156720.0 197558.0 242854.0 758298.0 560702.0 1348046.0
0 5 1.687252 1.379044 1.370593 2.87096 2.83616 2.522028 115882.0 273974.0 263502.0 761036.0 1101536.0 1419710.0
20 5 1.523989 1.988018 3.252076 3.445122 3.541106 4.814449 195312.0 112576.0 292312.0 643502.0 904060.0 882488.0
50 5 1.593739 1.780393 1.577178 2.910668 3.122239 2.607816 198106.0 320430.0 263808.0 941864.0 1035800.0 1277830.0
100 5 2.380207 2.083879 4.921073 7.040807 9.643494 16.319625 151208.0 134358.0 314720.0 504746.0 635742.0 1049172.0
200 5 2.876591 1.340848 2.04747 2.809309 1.780645 2.689092 258152.0 251962.0 531292.0 803184.0 552454.0 1327820.0
