0 0 5.443755 5.403963 5.17201 6.030799 5.808258 5.627828 6.388217 6.119935 9.111424 6.823888 1387760.0 1547704.0 1396540.0 2189444.0 1644870.0 1624152.0 4240552.0 2179824.0 4687642.0 3410494.0
0 0 3.474299 4.764563 5.475655 6.251015 6.21863 5.999369 6.862387 5.812434 8.950474 6.615706 217868.0 1099320.0 1732048.0 2692678.0 4384850.0 1688286.0 5059884.0 3129484.0 2417488.0 3311762.0
0 0 4.583914 5.21205 4.903948 5.791948 5.798538 6.28285 7.043911 6.042381 9.647802 8.584089 1199866.0 1245690.0 1262998.0 1553352.0 3053312.0 2687026.0 4782440.0 3057326.0 4770644.0 3217134.0
0 0 3.451108 5.353947 5.202657 5.29509 6.917826 5.889685 6.591322 5.747628 8.687099 7.326355 252464.0 1856172.0 1812798.0 1871024.0 5023332.0 1972322.0 2669686.0 2285888.0 4053782.0 3259544.0
0 0 4.58008 4.535952 5.271954 5.72801 6.420162 6.208333 8.011272 6.078682 9.54887 7.252109 1122180.0 1015784.0 1885830.0 1863294.0 2785508.0 2893578.0 5621756.0 3115856.0 4707970.0 3625608.0
0 0 3.947068 5.034144 5.055632 5.988927 5.484456 5.577417 7.175335 6.033959 8.889732 6.746771 310184.0 1573248.0 1835778.0 2453006.0 2676232.0 1741278.0 6087718.0 2837178.0 5225368.0 3767816.0
0 0 6.083806 4.955993 5.691752 5.503973 6.356413 6.083788 6.819985 6.572025 9.326629 7.997989 1180990.0 1223700.0 1886796.0 1944116.0 3891924.0 1965232.0 4827870.0 3386040.0 3662234.0 2668910.0
0 0 3.296739 5.030558 5.783705 5.824762 5.733797 5.639551 6.312802 6.018672 9.000032 7.588957 225648.0 1631522.0 1757508.0 2849576.0 2505958.0 2376686.0 4518088.0 2511328.0 5272044.0 3766486.0
0 0 4.572034 5.49201 5.355908 5.382481 6.007972 6.60556 6.318928 6.075944 12.811874 7.53601 1268920.0 1324882.0 2201986.0 1444760.0 3783182.0 2734146.0 3712626.0 2788440.0 5671980.0 3736334.0
0 0 3.124269 5.22418 5.045766 5.91626 5.893191 6.63325 6.477151 6.331096 9.171824 6.936333 143124.0 1423114.0 1081276.0 2026076.0 3097844.0 3562518.0 3296206.0 3241226.0 4487196.0 3595794.0
0 0 5.511985 4.828265 5.308083 5.297543 6.836021 5.638425 6.292258 6.149117 10.072081 1320490.0 1434808.0 1697266.0 1497214.0 4361652.0 1935298.0 3603408.0 2506834.0 4782944.0
0 0 3.82293 4.855277 4.968851 5.59387 6.381026 6.265859 7.019065 5.995089 8.918131 276180.0 1107524.0 1296618.0 2687316.0 4440218.0 3264844.0 3128572.0 2611940.0 3387540.0
0 0 4.743986 4.847549 5.463443 5.387991 7.079291 5.808106 6.614537 5.752299 9.591871 1234020.0 1187488.0 1805662.0 1977704.0 3049100.0 2314308.0 5119946.0 2845802.0 3998264.0
0 0 3.833518 4.98386 8.747043 5.716664 6.503 6.287767 6.342079 6.05374 8.906451 231240.0 1127574.0 1793786.0 2179678.0 4807914.0 2136914.0 4756880.0 2618418.0 3482920.0
0 0 4.811668 4.856088 5.504293 6.552131 6.036861 5.800185 6.710551 5.692251 9.427849 1071722.0 1337082.0 1559882.0 2460746.0 2876158.0 1573446.0 4293274.0 2025406.0 3644214.0
0 0 3.981936 5.052244 5.069024 5.85734 5.953109 6.489313 6.211451 6.102511 8.886579 375016.0 1311386.0 1638890.0 1785006.0 4129046.0 2962320.0 3284980.0 3284094.0 4287034.0
0 0 5.011813 4.988332 5.756296 5.46102 6.527881 6.12393 6.15223 5.804105 9.427907 1160502.0 965390.0 1835002.0 1844376.0 5251458.0 2637904.0 3461424.0 2252202.0 3173766.0
0 0 3.152887 5.259813 5.233475 5.929461 5.999911 6.606221 6.420038 6.217726 9.013789 156792.0 1567012.0 1815548.0 2217482.0 3606112.0 3138490.0 4004706.0 3531032.0 4406666.0
0 0 4.593398 4.536113 5.193616 5.761581 5.943818 5.759842 6.25516 6.166865 10.786479 1136224.0 1022226.0 1778186.0 1716672.0 1942320.0 2145510.0 3365622.0 3094432.0 3988724.0
0 0 3.517943 4.950645 4.875189 5.422061 6.255672 6.194186 6.123845 5.942713 9.043586 217056.0 1294328.0 1342002.0 1247984.0 2984272.0 2662510.0 2577744.0 2140880.0 3416314.0
0 0 4.269625 5.052281 5.194609 5.655457 6.639834 6.260243 6.201835 5.811903 10.551813 784158.0 1120760.0 1480782.0 1872258.0 2916426.0 2597644.0 2291138.0 1619528.0 3783228.0
0 0 3.324465 4.813499 5.422234 5.13969 5.838385 5.859901 6.513966 6.297263 13.008859 190234.0 1096460.0 1232446.0 1559570.0 2504336.0 2152738.0 3484660.0 2956236.0 3767672.0
0 0 4.191839 4.823902 5.620201 5.371739 6.099941 6.794854 6.512643 6.268285 11.057366 884056.0 1253994.0 1269930.0 1761396.0 3049380.0 1629384.0 4752486.0 1847444.0 4125272.0
0 0 3.609504 4.688882 5.562427 5.378521 7.098917 5.852584 5.92055 5.811597 10.623511 362338.0 954994.0 1371372.0 1446752.0 2354472.0 1460070.0 2745692.0 2816508.0 3897462.0
0 0 4.427742 5.284057 5.223996 5.123967 6.536047 6.277953 6.156879 6.14403 10.691874 820968.0 1291034.0 1742922.0 1341506.0 3558496.0 2056922.0 3510346.0 2845548.0 3544482.0
0 0 2.594562 4.781465 5.55652 5.514882 6.11196 6.37509 8.841671 6.71245 10.577309 50850.0 1064296.0 1541296.0 1964804.0 2698198.0 2048886.0 5053976.0 3510454.0 4300362.0
0 0 4.407989 5.334369 5.155975 5.820979 9.588181 5.677007 6.148116 6.120189 10.74333 943966.0 1246628.0 1477132.0 2006494.0 4107658.0 1852116.0 2627282.0 2621738.0 3610082.0
0 0 3.557299 4.983228 5.426168 5.236067 7.014558 5.820694 6.76988 6.600616 10.49904 265366.0 1357166.0 1345034.0 1489972.0 3114092.0 1211168.0 3950534.0 2821222.0 3389280.0
0 0 4.635946 4.684202 5.208166 7.007515 6.071962 6.531946 11.203375 5.948977 10.725615 1040154.0 1105576.0 1547820.0 1674880.0 3120382.0 2273032.0 4524268.0 2501944.0 3006120.0
0 0 3.64552 4.795076 5.71246 5.62353 6.702547 6.473917 6.129388 6.063842 10.907592 263864.0 853542.0 1672148.0 1833890.0 2861356.0 2073674.0 2560786.0 2318628.0 3595578.0
0 0 5.031906 4.972061 5.731979 5.465938 6.315939 7.320066 6.246966 6.10333 11.136584 1209056.0 965886.0 1667206.0 1545562.0 3493766.0 2004970.0 2329746.0 2278416.0 3042234.0
0 0 3.660071 4.801186 5.592106 5.436488 6.165267 6.043994 6.311575 5.875312 10.72603 248462.0 1293976.0 1568530.0 1842470.0 3249642.0 1714794.0 4069914.0 2400496.0 3330310.0
0 0 4.787921 4.988023 5.495523 5.273961 5.428085 5.939826 6.716226 5.691957 11.259109 980238.0 1122438.0 1649756.0 1194938.0 1619850.0 2077096.0 3554710.0 2164936.0 3843468.0
0 0 3.203139 5.154262 5.2026 5.740849 6.486037 6.347985 6.249309 6.071786 9.181273 235808.0 1277166.0 1653654.0 1492240.0 4376558.0 1679538.0 3128448.0 2976000.0 3098048.0
0 0 5.028152 4.963966 5.211944 5.57192 5.567829 6.111557 5.964069 5.705605 12.431832 1081792.0 1336926.0 1494662.0 1501292.0 2109660.0 2184224.0 2463548.0 1787646.0 5324434.0
0 0 3.89801 4.990583 5.295733 5.707234 6.487879 5.502352 6.348066 6.200083 10.218536 252106.0 1163332.0 2018140.0 1818364.0 3054734.0 1278736.0 3694006.0 2644826.0 3212010.0
0 0 5.023765 4.980061 4.960022 4.991756 6.343509 6.060591 6.79985 10.603731 10.437509 1075390.0 1054834.0 1602000.0 1190010.0 2402208.0 1785180.0 3815494.0 2907828.0 2864502.0
0 0 3.312256 4.564935 5.386384 5.312922 7.25077 5.328164 6.280108 5.759425 10.726686 218124.0 983068.0 1527522.0 1575716.0 2352618.0 1181964.0 3694488.0 1618742.0 4482394.0
0 0 4.751362 4.860077 5.363116 5.215913 5.94426 6.007943 10.491436 6.212254 10.899809 1082674.0 1321208.0 1720868.0 1337184.0 2330722.0 2347602.0 4384968.0 2599404.0 2854856.0
0 0 3.702046 4.81311 5.61462 5.563437 5.698458 6.127576 6.388696 5.885423 8.873163 239904.0 1205068.0 1180396.0 1525866.0 2369820.0 1961004.0 4037556.0 2142180.0 2825086.0
