0 0 1.160611 1.364278 1.563635 2.024306 1.691965 1.227758 1063760.0 1195200.0 1322384.0 2172254.0 4185376.0 1971988.0
0 3 0.986672 1.380978 1.498166 1.987546 1.702875 2.108325 271670.0 1289682.0 2242606.0 2355100.0 3387940.0 3880296.0
0 5 1.019983 1.736089 1.812151 2.763648 2.174696 3.625364 257000.0 316484.0 690058.0 1103576.0 1113162.0 934940.0
0 0 1.640868 1.399102 2.141034 3.280455 2.536161 2.28977 187364.0 374728.0 660638.0 789466.0 1290584.0 1450804.0
0 3 1.7079 1.651915 1.860113 2.511951 2.871977 2.710817 413070.0 303354.0 577856.0 529840.0 1045768.0 1069332.0
0 5 1.015572 1.175896 1.43701 2.549589 2.278373 2.296417 198758.0 509878.0 524476.0 1251636.0 1495488.0 1668966.0
0 0 1.356132 1.52796 1.363193 2.003238 2.151775 2.274242 545478.0 700924.0 939968.0 1581296.0 1970756.0 2102388.0
0 3 1.05392 1.640544 1.452724 2.195481 2.094265 1.638212 225424.0 840440.0 988886.0 1979348.0 2063334.0 911548.0
0 5 0.971913 1.39634 2.003917 2.740777 2.572079 1.337727 226436.0 264552.0 474200.0 693310.0 905346.0 490976.0
0 0 1.328088 1.383652 1.510987 2.996677 2.849585 2.203906 259780.0 563142.0 841578.0 688034.0 1407628.0 1491618.0
0 3 1.023681 1.356013 1.975754 2.495904 2.321418 3.230824 306574.0 316712.0 660202.0 855512.0 1047430.0 852786.0
0 5 1.047122 1.468278 1.64987 2.907737 1.66065 2.492502 35420.0 446960.0 574802.0 999520.0 970754.0 1578934.0
0 0 2.192139 1.6402 1.792226 2.547697 2.119889 2.247686 415298.0 764828.0 665480.0 1205794.0 1706440.0 1926744.0
0 3 0.948688 1.656313 1.703092 2.416457 2.181116 3.380706 203386.0 808154.0 1422600.0 2198896.0 1828562.0 2261204.0
0 5 1.43576 1.839929 2.395873 2.998495 3.748115 5.715866 374768.0 301022.0 407446.0 569546.0 806562.0 1612544.0
0 0 1.23277 1.255629 1.192474 2.126208 2.411085 2.787144 181970.0 430362.0 328928.0 376024.0 1423388.0 1282316.0
0 3 1.235927 1.228146 1.563879 3.059573 2.689544 2.943886 340412.0 455228.0 716392.0 1213860.0 1225286.0 1193940.0
0 5 1.007214 1.591034 1.811997 2.35056 1.778321 3.341935 243724.0 750748.0 1071752.0 1482146.0 1245690.0 1314280.0
0 0 1.216061 1.492042 1.323532 2.283479 2.056344 2.091797 512864.0 495240.0 1178188.0 1515246.0 1918738.0 2092008.0
0 3 1.018824 1.54718 1.89024 1.843068 2.240385 2.204833 252538.0 824620.0 838484.0 1608662.0 2202174.0 1998634.0
0 5 1.603999 1.37572 1.780012 2.612093 2.856046 3.870886 360356.0 286950.0 223842.0 865884.0 941262.0 800588.0
0 0 1.155954 1.576504 2.012181 2.575603 2.141072 2.896415 150722.0 469210.0 483692.0 1032732.0 1284994.0 1433416.0
0 3 1.107887 1.772424 2.660736 3.247541 2.83599 2.983946 310120.0 250176.0 394166.0 742646.0 930244.0 1195078.0
0 5 1.187511 1.388822 1.655695 1.827369 1.640914 1.405679 264396.0 1360234.0 2712088.0 2771026.0 3454386.0 3422060.0
0 0 1.539981 1.428308 1.356174 2.152061 1.592822 1.380549 1223308.0 1275672.0 2078640.0 2528444.0 3048278.0 3416688.0
0 3 0.950265 1.593972 1.60944 1.888527 1.700442 1.624344 172452.0 1297130.0 2509136.0 1207496.0 3722486.0 2439100.0
0 5 1.480074 1.151947 1.97139 2.967888 3.031221 2.971591 337050.0 395412.0 577224.0 722524.0 925998.0 914248.0
0 0 1.072341 1.592509 2.403221 2.509642 2.394129 2.124024 133100.0 427476.0 668868.0 1132406.0 1232712.0 1340354.0
0 3 1.428025 1.416077 2.171969 2.778735 2.296743 2.007702 324136.0 160490.0 349030.0 578696.0 1545032.0 835646.0
0 5 1.51571 1.619604 1.683868 2.670478 2.296705 3.274187 360764.0 516748.0 815186.0 1478088.0 1436610.0 1151268.0
0 0 1.723553 1.472036 1.50768 2.063445 2.132045 1.94334 616532.0 454630.0 1164848.0 1094702.0 1704054.0 1547446.0
0 3 0.995572 1.703929 1.433242 2.01504 2.140129 2.163899 223760.0 929048.0 1344188.0 1218598.0 2127488.0 1807242.0
0 5 1.043708 1.592129 2.264227 2.862864 3.423901 3.002078 214504.0 254958.0 374114.0 596940.0 992728.0 1120634.0
0 0 1.328565 1.702539 2.203124 2.640054 2.660558 2.526664 159724.0 292312.0 621468.0 567404.0 1088776.0 1195482.0
0 3 1.483832 1.728004 2.215961 3.144213 3.131601 2.710784 215622.0 307124.0 419512.0 484732.0 973374.0 1503590.0
0 5 1.437069 1.327948 2.140306 2.489398 2.406485 2.780464 228000.0 497488.0 804584.0 885898.0 1623068.0 1102876.0
0 0 1.487948 1.371897 1.415892 2.300025 2.215938 2.041166 551356.0 486776.0 693022.0 1321872.0 1816414.0 1689820.0
0 3 0.984108 1.356937 1.296247 2.35859 2.20223 2.086123 400404.0 511982.0 1241160.0 1553710.0 1778370.0 2058232.0
0 5 1.627823 1.920045 2.503827 2.867112 2.764049 3.618603 167074.0 192558.0 395288.0 665894.0 1011714.0 938294.0
0 0 1.079552 3.118413 1.796915 2.52625 2.250078 2.436686 116832.0 408390.0 723220.0 1028574.0 1399626.0 1620650.0
0 3 1.535993 1.383486 2.144109 3.007887 3.010701 2.823587 261976.0 451094.0 482800.0 775542.0 977990.0 1297844.0
0 5 0.999605 1.608647 1.206255 2.122209 2.261076 2.328826 239664.0 738860.0 416996.0 1308218.0 1571444.0 1851502.0
0 0 1.539824 1.164041 1.293253 2.300158 2.179275 2.002081 569390.0 434668.0 599126.0 1758136.0 1804108.0 1631726.0
0 3 1.218055 1.540517 1.390073 1.984041 2.197638 2.108633 320892.0 719962.0 514252.0 1286322.0 2266344.0 1763980.0
0 5 1.476017 1.676313 2.395952 2.470867 2.815142 2.249251 225298.0 241294.0 454546.0 740164.0 973830.0 790430.0
0 0 1.437486 1.718399 1.906992 2.426974 2.336214 2.004865 200848.0 461216.0 504602.0 769868.0 1378358.0 1367738.0
0 3 1.044162 1.323907 2.208016 2.883663 1.971781 2.890497 262612.0 321964.0 400956.0 729178.0 618314.0 1095290.0
0 5 0.898302 1.733581 1.907384 2.491718 2.258933 2.292964 68666.0 465344.0 624002.0 694548.0 1241288.0 1204812.0
0 0 1.671929 1.268129 1.536093 2.871663 2.139664 2.673273 521066.0 454032.0 1123196.0 902188.0 1593624.0 1439798.0
0 3 1.125273 1.710183 1.410155 2.315335 2.285945 3.014421 414912.0 864324.0 1095694.0 1526078.0 1801222.0 1260220.0
0 5 1.67964 1.72 1.372021 2.83081 2.84 3.067978 383574.0 339012.0 306868.0 889706.0 946016.0 876982.0
0 0 1.156235 1.780273 1.714911 3.14082 2.514323 2.402432 114602.0 503152.0 664464.0 865568.0 1339610.0 1540614.0
0 3 1.083965 2.880225 1.599875 2.686702 2.640106 3.136121 322246.0 422074.0 681420.0 1031222.0 1166862.0 810634.0
0 5 1.059226 1.297607 1.840861 2.886144 2.233921 2.956861 137442.0 521662.0 876402.0 1015092.0 1475364.0 1517398.0
0 0 1.524178 1.187534 1.607568 1.956302 2.323486 2.201214 489292.0 517558.0 820606.0 1306148.0 1666150.0 2032818.0
0 3 1.047261 1.812604 1.749131 2.047972 1.754878 1.942752 202372.0 809894.0 1259694.0 1237222.0 2180798.0 1988972.0
0 5 1.131981 1.47193 2.078018 3.498903 3.919829 3.849523 269416.0 224600.0 478976.0 546590.0 734770.0 895520.0
0 0 1.687544 1.343659 1.62158 2.681817 2.267724 2.457937 240890.0 443238.0 507738.0 1129844.0 1450392.0 1642418.0
0 3 1.227929 1.786919 2.120005 2.939593 4.607898 2.620121 295954.0 371122.0 409516.0 726174.0 993846.0 1176696.0
0 5 1.460517 1.746421 1.687232 2.676096 2.156273 2.352114 326290.0 614012.0 1096978.0 1659800.0 1314412.0 1779628.0
0 0 2.039773 2.292286 2.51551 2.55976 2.516156 2.617884 634634.0 805606.0 1527936.0 1860620.0 2317796.0 2684038.0
0 3 1.991545 2.343236 2.249743 2.405273 3.13982 2.782365 245046.0 878188.0 1533590.0 1393748.0 2401094.0 2604752.0
0 5 1.923955 2.472029 2.631162 3.628113 3.546694 4.250269 269892.0 347942.0 690338.0 633822.0 1037284.0 1034522.0
0 0 1.819014 2.421309 2.484335 2.6879 2.656684 2.67895 261394.0 531722.0 996346.0 1189848.0 1147756.0 1839150.0
0 3 1.799897 2.617438 2.643633 2.849748 3.323303 2.753042 218028.0 378328.0 855908.0 888678.0 1294482.0 868952.0
0 5 1.950745 2.046039 2.110935 2.717569 2.889637 2.993357 237828.0 601484.0 817578.0 1836644.0 1960682.0 2450970.0
0 0 2.023883 2.091862 2.575959 2.668174 2.648037 2.803776 753652.0 884694.0 1546094.0 1901916.0 2600206.0 2550810.0
0 3 1.903882 2.175246 2.296448 2.1821 2.035351 2.910024 242162.0 733294.0 1596094.0 1171600.0 1990546.0 2679756.0
0 5 1.951912 2.376141 2.595967 3.136196 3.107981 3.831477 214132.0 325404.0 632968.0 912394.0 1455616.0 1153772.0
0 0 1.983646 2.32578 2.529953 2.504343 2.577902 2.96796 205044.0 636954.0 1140600.0 1342590.0 1161226.0 2346500.0
0 3 2.307848 2.32016 2.391837 2.719766 3.723593 4.477834 430794.0 421608.0 873286.0 1100700.0 1083626.0 992248.0
0 5 1.81228 2.080664 2.376576 2.625578 2.82787 2.832343 203262.0 511848.0 979952.0 1099686.0 1715104.0 1868320.0
0 0 2.103828 2.370833 2.412 3.031429 2.527767 2.699649 639522.0 861554.0 1433058.0 1787720.0 2138374.0 2552476.0
0 3 1.984732 2.171717 2.701427 2.672206 2.480176 2.859229 236640.0 760946.0 1490044.0 2098914.0 1997982.0 2702896.0
0 5 2.48379 2.627827 2.586927 2.936024 3.855976 3.646472 331190.0 311498.0 1083002.0 1102084.0 952832.0 1030558.0
0 0 1.812425 2.439522 2.078544 2.562078 2.9847 2.780604 208560.0 563394.0 630634.0 1694946.0 2119292.0 2199658.0
0 3 2.027801 2.517925 2.824083 2.999568 3.53187 3.453931 514934.0 331820.0 622904.0 843242.0 1077008.0 1134008.0
0 5 1.841318 2.374014 2.003192 2.687685 2.793167 2.678553 228408.0 641900.0 966170.0 1250650.0 1973386.0 1971832.0
0 0 1.992027 1.256143 1.996143 2.572096 2.568903 2.584212 533718.0 845030.0 1393138.0 1630722.0 2404354.0 2729540.0
0 3 1.859483 2.281032 1.957001 2.655854 2.14002 3.194809 387090.0 752214.0 1249666.0 2083380.0 1891900.0 3184280.0
0 5 2.020322 2.324009 2.800333 3.119952 3.267956 4.005562 307320.0 266110.0 629478.0 729380.0 1321582.0 812186.0
0 0 1.90638 2.014642 2.386957 2.264252 2.979485 2.594016 321394.0 482596.0 1131588.0 842036.0 1739034.0 1703514.0
0 3 2.135902 2.35996 2.776002 2.872244 3.36171 3.591075 329722.0 346790.0 746928.0 666424.0 1070604.0 1336206.0
0 5 1.953191 2.218827 2.104247 2.488839 2.823852 3.046732 214820.0 429870.0 882766.0 1000282.0 1777462.0 2150984.0
0 0 2.223928 2.1719 2.403503 2.495719 2.527922 2.669637 611276.0 839088.0 1540000.0 1747522.0 2085132.0 2461418.0
0 3 2.167678 2.277236 2.437853 3.133231 2.711946 2.451776 185402.0 853622.0 1656982.0 2126222.0 2405556.0 2062418.0
0 5 2.07606 2.34447 2.543986 3.519582 3.527836 3.95586 240100.0 393550.0 829770.0 703288.0 1019588.0 1355876.0
0 0 1.828072 2.215654 2.520822 2.690081 2.474758 2.841282 159760.0 454246.0 920680.0 1117030.0 1208098.0 1858164.0
0 3 2.231809 2.704123 2.632118 3.092012 3.327982 3.421413 362204.0 370332.0 826724.0 859406.0 1149286.0 1440998.0
0 5 1.859418 2.280742 1.979617 2.834548 2.494869 3.328155 231500.0 484082.0 876542.0 1271098.0 1286352.0 2436488.0
0 0 2.355923 2.460099 2.532099 2.555837 2.578663 2.611 607520.0 849688.0 1524284.0 1898382.0 2087312.0 2278370.0
0 3 1.890542 3.501707 2.294012 2.501986 2.570813 2.455388 243528.0 733566.0 1596260.0 2057094.0 2616610.0 2641354.0
0 5 2.015809 2.359755 2.776154 2.96337 3.21214 4.543167 253226.0 349862.0 809684.0 935372.0 1368700.0 1205996.0
0 0 2.062533 2.488076 2.209844 2.663345 2.765394 2.468413 158600.0 670284.0 829448.0 1542074.0 1825604.0 1644634.0
0 3 1.908057 2.415977 2.156096 2.828084 2.803636 3.872337 289384.0 520298.0 1014990.0 1284596.0 1464708.0 1078392.0
0 5 1.999993 2.33822 2.061954 2.426793 2.841063 2.528448 330986.0 617430.0 924266.0 1068152.0 1819882.0 1378404.0
0 0 2.359335 2.476 2.435186 2.396032 2.537461 2.702567 596986.0 745974.0 1166266.0 1885914.0 2192374.0 2577546.0
0 3 1.9216 2.578441 2.218326 2.486069 2.737962 2.589341 252876.0 883166.0 1127732.0 2117470.0 2519784.0 2609178.0
0 5 2.3041 2.563249 2.956477 3.255512 3.515789 4.006398 429880.0 400702.0 554786.0 783574.0 1116644.0 1238902.0
0 0 1.939307 2.528593 2.036172 2.808569 2.507706 2.359407 113494.0 338582.0 803984.0 1052436.0 1106914.0 1242104.0
0 3 2.008221 2.420061 2.652273 2.818927 3.120221 2.870159 306226.0 297054.0 705508.0 1022030.0 1369678.0 1524408.0
0 5 1.952904 2.140175 2.183965 2.872109 3.044301 2.944704 180098.0 488388.0 915662.0 1011840.0 1928936.0 2035640.0
0 0 2.147812 2.395917 2.69197 2.691851 2.493755 2.690293 476092.0 810474.0 1416346.0 1895242.0 2258708.0 2475796.0
0 3 1.906367 2.483225 2.140869 2.06171 2.700255 2.108586 389356.0 846550.0 1270838.0 1810090.0 2735592.0 1937124.0
0 5 1.892112 2.400064 3.081346 3.391484 3.640008 3.555116 309908.0 202866.0 505990.0 708516.0 986600.0 984056.0
0 0 2.093668 2.28064 3.015765 2.788927 2.62749 2.919309 169162.0 510810.0 668982.0 1307872.0 1485146.0 2187916.0
0 3 1.931966 2.544062 2.519967 2.692294 3.627468 3.463772 436228.0 526178.0 965358.0 1143474.0 1017458.0 1172838.0
0 5 1.934219 2.07121 2.07404 2.612233 2.372212 3.079843 233868.0 554706.0 821844.0 1382154.0 1478002.0 2297534.0
0 0 1.903892 2.311874 2.300002 2.419889 2.817208 2.625704 482164.0 838394.0 1358054.0 1842266.0 2115410.0 2338920.0
0 3 1.865153 2.07485 2.451832 2.849187 2.803719 2.171442 344962.0 888336.0 1441952.0 1633568.0 2771896.0 2171154.0
0 5 1.931894 2.367991 2.543813 2.808171 3.155412 4.521041 239070.0 306110.0 683880.0 904080.0 1322602.0 990094.0
0 0 6.094096 2.015049 2.164219 2.781238 2.453527 2.483162 180888.0 441658.0 781004.0 1063546.0 1100780.0 1355252.0
0 3 2.192057 2.428085 2.648083 3.107557 3.300392 3.484159 248458.0 292384.0 669914.0 831810.0 1229482.0 1417544.0
0 5 2.046931 2.43555 2.437219 2.563001 2.806471 2.964763 196006.0 727934.0 1119360.0 1613016.0 1849170.0 2398266.0
0 0 2.203896 2.344102 7.227951 2.471017 2.652053 2.445413 718462.0 730904.0 1545722.0 1902908.0 2455856.0 2260396.0
0 3 1.968582 2.1861 1.689471 1.923212 2.146659 3.380094 232818.0 826500.0 1513154.0 1883684.0 1665184.0 2010920.0
0 5 1.552039 1.591923 1.928334 3.452037 3.195492 3.750502 301018.0 265000.0 460746.0 682292.0 774158.0 990098.0
0 0 1.117731 1.493717 1.967954 2.550559 2.448323 2.375105 106036.0 270248.0 573094.0 884124.0 1259446.0 1489826.0
0 3 1.571737 1.27595 2.487667 3.26749 3.561665 3.757901 317022.0 203236.0 395580.0 842562.0 839448.0 886084.0
0 5 0.937294 1.734621 1.843788 2.37409 2.127033 2.050079 204468.0 1240438.0 1615810.0 1528878.0 2562946.0 2560754.0
