0 0 4.95663 4.892271 5.523991 5.637333 6.220113 9.075903 1363470.0 1513140.0 2062362.0 1552222.0 2552030.0 3782592.0
0 0 4.54772 4.959483 5.48679 5.432897 6.096153 8.939682 1062220.0 1768482.0 1966862.0 1557280.0 3015802.0 3987460.0
20 0 3.106033 4.936399 5.120686 5.707995 5.932998 8.606072 184228.0 1079998.0 1598782.0 1804020.0 2640292.0 2970730.0
50 0 4.659872 4.696912 5.570405 6.523979 6.343895 9.317042 852552.0 1111960.0 2030860.0 2514778.0 3045404.0 2823420.0
100 0 4.230192 4.548962 5.232484 6.072807 5.928708 6.81259 418346.0 1045836.0 1795334.0 3019614.0 3029428.0 3428720.0
200 0 4.255374 4.284111 5.110843 5.948144 5.831805 6.761501 618022.0 730316.0 1258072.0 1462444.0 2365804.0 2541248.0
0 3 3.624917 4.726319 6.60609 4.635531 6.296467 9.236538 176704.0 1100606.0 1930680.0 1059666.0 2501164.0 3382168.0
20 3 3.344229 3.683053 4.591259 6.593958 6.263596 11.125839 163060.0 242308.0 400372.0 710562.0 799772.0 1299030.0
50 3 2.827988 3.930644 5.516851 5.561621 5.750139 10.318768 125600.0 407706.0 819862.0 975602.0 1026240.0 2443028.0
100 3 3.72801 3.853994 6.701955 7.664845 8.554801 15.626675 144938.0 137714.0 302170.0 516912.0 650458.0 1107192.0
200 3 2.780024 3.911729 4.765074 5.83691 5.559361 10.447292 113094.0 356420.0 611272.0 976234.0 1130336.0 2191302.0
0 5 3.651575 3.764098 4.760312 6.641209 3.851569 6.817224 278450.0 279942.0 562246.0 796140.0 842658.0 902208.0
20 5 2.765873 4.715832 4.670056 5.517692 6.428365 6.764283 122456.0 440680.0 501008.0 935152.0 1377848.0 1275220.0
50 5 3.663817 3.813004 5.642919 7.578566 6.403753 14.322388 144908.0 120994.0 302066.0 465632.0 746778.0 1248148.0
100 5 3.490614 3.921416 5.499793 5.766084 5.59867 9.498248 185476.0 335618.0 754278.0 1090704.0 1077560.0 2263596.0
200 5 3.855972 3.310258 7.113024 8.799969 15.00169 23.271689 149970.0 109990.0 314812.0 576454.0 606892.0 1130516.0
0 0 4.992113 5.048511 5.789306 5.666804 6.503978 9.386695 1129478.0 1078852.0 2317902.0 2169578.0 2761132.0 4941146.0
20 0 3.413377 4.808063 6.753925 5.560892 6.223186 9.104367 184502.0 1269292.0 1528356.0 1988478.0 2500290.0 3664986.0
50 0 4.283922 4.647978 5.443838 9.052181 5.863182 9.779485 863518.0 1271426.0 2002276.0 1712468.0 1919640.0 2941624.0
