0 0 1.115636 1.379946 1.367912 2.140434 1.664292 1.432227 1307202.0 1509120.0 2057242.0 1547322.0 2547790.0 3106188.0
0 0 1.231971 1.187556 1.366573 1.968308 1.700035 1.702106 1058090.0 1763472.0 1962842.0 1553590.0 3011232.0 3314200.0
20 0 1.187352 1.577345 1.498715 2.062783 1.599676 1.3512 182518.0 1076968.0 1595422.0 1799780.0 2635502.0 2294436.0
50 0 1.323961 1.408197 1.449435 2.043884 1.828101 1.559983 849082.0 1108050.0 2026730.0 2509658.0 3040724.0 2153714.0
100 0 1.12993 1.340578 1.593086 1.954067 1.718895 1.404469 415756.0 1042806.0 1791754.0 3015374.0 3025078.0 3402706.0
200 0 1.571562 1.844579 1.388098 2.275823 1.751982 1.554142 615432.0 727506.0 1254602.0 1458534.0 2362224.0 2515596.0
0 3 1.110457 1.620763 1.400837 1.889702 1.702978 1.236089 174774.0 1097136.0 1727320.0 1055646.0 2496594.0 2586738.0
20 3 1.231929 1.747234 2.263319 3.013786 3.175667 2.204666 160800.0 239278.0 395142.0 670376.0 793112.0 567942.0
50 3 0.993424 1.695923 2.011224 2.473005 2.881015 2.418541 123230.0 404346.0 815512.0 971142.0 1020570.0 1459432.0
100 3 1.62399 1.705835 4.726072 5.615542 6.273459 14.002807 142678.0 135674.0 297270.0 509922.0 641598.0 1093932.0
200 3 1.093733 1.786223 1.950762 2.861708 2.530269 2.447507 110944.0 353060.0 606702.0 969794.0 1125546.0 1223322.0
0 5 1.057298 1.435963 2.079807 3.481307 2.927387 3.719013 274760.0 276912.0 558556.0 790470.0 837758.0 872284.0
20 5 1.046914 1.815965 1.872695 2.48948 2.528331 2.267832 120196.0 436990.0 497868.0 929482.0 1372728.0 1221972.0
50 5 1.471917 1.68102 3.542673 5.382717 5.919699 11.642409 142538.0 117524.0 295736.0 457102.0 739128.0 1232798.0
100 5 1.490528 1.702419 2.186268 2.835849 2.625987 2.313771 183106.0 331378.0 750808.0 1085254.0 1072550.0 1188376.0
200 5 1.73214 1.827203 5.761087 7.047975 13.773868 23.271689 147050.0 107510.0 309362.0 568474.0 595832.0 1115166.0
0 0 1.080066 2.548223 1.67218 1.94631 1.500086 1.487167 1125788.0 1075052.0 2313002.0 2164898.0 2755792.0 4264742.0
20 0 1.140201 1.409196 1.424976 2.233409 1.515757 1.217641 182132.0 1265492.0 1312840.0 1984678.0 2496490.0 3019006.0
50 0 1.127841 1.231998 1.412175 1.952359 1.611072 1.460595 860598.0 1268286.0 1998476.0 1424892.0 1915400.0 2055278.0
