0 0 0.768078 0.921554 0.844546 0.920344 0.90902 0.908977 1124448.0 1483112.0 1273296.0 933760.0 1085844.0 1557580.0
0 0 0.699711 0.895998 0.900852 0.923523 0.909728 0.933171 951498.0 1752702.0 898568.0 963460.0 1605382.0 1466114.0
20 0 0.647863 0.878647 0.809193 0.828082 0.872447 0.859396 179216.0 990620.0 1256972.0 844970.0 1306452.0 1186056.0
50 0 0.726088 0.826071 0.793487 0.927583 0.888179 0.908542 803584.0 1018228.0 690446.0 1132748.0 1585358.0 1033640.0
100 0 0.614596 0.857025 0.883073 0.869059 0.856936 0.840873 218676.0 997566.0 1452580.0 1599818.0 1194120.0 1941624.0
200 0 0.669397 0.823875 0.815465 0.851284 0.809594 0.832755 414804.0 650406.0 661970.0 552900.0 784436.0 972682.0
0 3 0.633275 0.854002 0.856014 0.92405 0.787255 0.841187 140074.0 932354.0 1222604.0 1016666.0 1110074.0 1522426.0
20 3 0.626626 0.838786 0.796112 0.785925 0.768411 0.711581 105744.0 166240.0 169044.0 180928.0 122092.0 223754.0
50 3 0.62477 0.808279 0.766652 0.816185 0.793278 0.781884 84496.0 336792.0 350478.0 382186.0 423176.0 566248.0
100 3 0.652265 0.847687 0.817146 0.829434 0.762042 0.745103 71388.0 95658.0 72054.0 101300.0 94662.0 41322.0
200 3 0.614073 0.857909 0.825228 0.766925 0.813626 0.810902 81946.0 257814.0 292380.0 295126.0 405502.0 408162.0
0 5 0.642267 0.778532 0.821376 0.735662 0.803357 0.849501 186968.0 250646.0 248372.0 151898.0 207322.0 221818.0
20 5 0.658133 0.837187 0.841854 0.79296 0.790705 0.817517 94774.0 347098.0 252292.0 345046.0 458264.0 492152.0
50 5 0.617709 0.887365 0.843053 0.806243 0.921818 0.746533 73018.0 73706.0 79648.0 68454.0 101732.0 77212.0
100 5 0.646083 0.811429 0.799419 0.743067 0.734129 0.737454 118694.0 239602.0 283032.0 338046.0 256862.0 467976.0
200 5 0.652292 0.80908 0.807501 0.788799 0.800738 0.786705 65658.0 61144.0 54696.0 103686.0 38600.0 54666.0
