0 0 0.7294017 0.910932 1.0952645 0.9578422 1.1042757 1.403566 
20 0 0.7533384 2.7543049 8.1958411 11.7129864 4.199766 0.8426442 
50 0 0.7362348 0.9233011 0.8924777 0.9179069 1.009826 0.979446 
100 0 0.6342938 0.8691513 0.9916261 1.1980369 0.9779071 1.1639529 
200 0 0.7466632 1.0467215 0.8439216 1.0510125 1.0084249 0.8992444 
0 3 0.6298331 0.8625399 0.92048 0.9939303 1.1320475 1.0950863 
20 3 0.8527387 1.6165679 1.0985446 1.1042933 0.8395916 0.8776593 
50 3 0.6620744 0.7992202 0.854378 0.7881376 0.8157388 0.8208779 
100 3 0.6665125 0.8317179 0.7777137 0.7614039 0.7843548 0.8115722 
200 3 0.6190468 0.7921832 0.8327238 0.818737 0.8219825 0.8069305 
0 5 0.6713478 0.8196082 0.7696161 0.7299866 0.7580758 0.8104676 
20 5 0.6170794 0.7867357 0.7228762 0.7699133 0.7913542 0.8401792 
50 5 0.5696621 0.8206216 0.756774 0.787413 0.7621494 0.7953502 
100 5 0.5671812 0.7685863 0.7946263 0.8301984 0.8431969 0.8362912 
200 5 0.5785506 0.7831403 0.7640258 0.7745887 0.7710659 0.7955605 
0 0 0.5212086 0.8490487 0.7882683 0.779559 0.8813567 0.8054511 
20 0 0.7133452 0.8088709 0.8516702 0.7823293 0.7728581 0.7945084 
50 0 0.6168165 0.7958095 0.7986776 0.7552869 0.7424287 0.7909276 
100 0 0.6495672 0.8675211 0.8235524 0.9139826 0.9235756 0.8421644 
200 0 0.5800761 0.8000384 1.2506146 0.8455286 0.8499989 0.8368917 
0 3 0.6484934 0.78921 0.7634434 0.7743328 0.8113666 0.7614112 
20 3 0.6750677 0.8403055 0.7576803 0.7617069 0.7918965 0.7656673 
50 3 0.6140641 0.7775268 0.7625344 0.7664909 0.8392198 0.8278266 
100 3 0.6283148 0.7913157 0.8162491 0.8550694 0.7899301 0.8026087 
200 3 0.6522607 0.7717784 0.8299622 0.7461747 0.7572941 0.7704366 
0 5 0.606826 0.7481428 0.8545911 0.7784086 0.8859436 0.7698344 
20 5 0.6150919 0.8581871 0.8141996 0.8049284 0.828707 0.8110527 
50 5 0.5945087 0.8153694 0.7838273 0.772347 0.8236371 0.8051057 
100 5 0.6309155 0.7952412 0.7885642 0.7201393 0.7448721 0.7966114 
200 5 0.6326835 0.8038579 0.8432647 0.8255732 0.8617019 0.7828831 
0 0 0.727811 0.8787366 0.749626 0.8339149 0.8455214 0.9018237 
20 0 0.5865981 0.8563083 0.8616415 0.8343742 0.8382315 0.867381 
50 0 0.6941572 0.8521495 0.8874471 0.8132748 0.7934159 0.8488041 
100 0 0.6463657 0.8084603 0.7831417 0.7772579 0.7961653 0.8463716 
200 0 0.7081986 0.7761659 0.8157008 0.8672654 0.8379665 0.8102267 
0 3 0.6808155 0.8362004 0.8649802 0.8326549 0.8172409 0.7899244 
20 3 0.664536 0.7940597 0.8566123 0.7817601 0.8520161 0.8052436 
50 3 0.6054719 0.7685043 0.7739918 0.8156292 0.7539782 0.9149679 
100 3 0.6702584 0.7893281 0.8332321 0.7737495 0.7842998 0.8456153 
200 3 0.5855144 0.7410837 0.8073984 0.7753358 0.7977566 0.7982377 
0 5 0.663821 0.8592204 0.8477861 0.8316631 0.7757365 0.8112081 
20 5 0.6196765 0.782 0.793948 0.8496478 0.8801638 0.7713258 
50 5 0.6803074 0.8332806 0.7441967 0.8062282 0.8011309 0.74878 
100 5 0.5934713 0.8249749 0.7766012 0.7680963 0.8625643 0.841901 
200 5 0.6746476 0.8192098 0.8318113 0.8296212 0.8336173 0.7160046 
0 0 0.5713874 0.8095249 0.8107875 0.8072944 0.8169883 0.8264473 
20 0 0.7083928 0.7717225 0.7631736 0.7368432 0.8198033 0.7588665 
50 0 0.6902521 0.8149025 0.7545631 0.7768989 0.808174 0.7866493 
100 0 0.737793 0.7999064 0.8600262 0.829058 0.825282 0.9224656 
200 0 0.6332203 0.808007 0.7959086 0.7784015 0.8746909 0.8074882 
0 3 0.675579 0.796816 0.8115352 0.7918758 0.8377011 0.8320971 
20 3 0.5948301 0.8035256 0.7731596 0.7778576 0.8141845 0.8078159 
50 3 0.5736321 0.7866607 0.8094057 0.7465105 0.819321 0.7777775 
100 3 0.618685 0.7072884 0.8362103 0.776133 0.8035087 0.7644149 
200 3 0.6081563 0.7945663 0.749089 0.8134464 0.7992911 0.7947261 
0 5 0.6085929 0.8173801 0.8144318 0.8311835 0.8081176 0.8387971 
20 5 0.6872602 0.8207893 0.7201009 0.7908039 0.792244 0.8423442 
50 5 0.5875841 0.8524766 0.8017314 0.7743111 0.8050871 0.7812703 
100 5 0.6151658 0.8122712 0.7392211 0.7804556 0.7534899 0.7828279 
200 5 0.6148625 0.8013484 0.7612809 0.780006 0.8059693 0.7865878 
0 0 0.6264382 0.8558988 0.739083 0.8343673 0.7746525 0.7936336 
20 0 0.6158862 0.840039 0.8236669 0.7767862 0.8153872 0.8089625 
50 0 0.7046728 0.7852605 0.8093694 0.8074663 0.8532252 0.7927125 
100 0 0.6326394 0.9370633 0.7789314 0.7808162 0.8484953 0.8645343 
200 0 0.7028163 0.8728654 0.8696754 0.8824287 0.8342184 0.8410614 
0 3 0.5848308 0.8145185 0.8541406 0.8084925 0.7459589 0.7575925 
20 3 0.6320803 0.767898 0.8041824 0.9041226 0.7315122 0.8176809 
50 3 0.6052211 0.8041894 0.890839 0.8190621 0.8728791 0.8214001 
100 3 0.6456328 0.7301388 0.7853043 0.7595442 0.7681717 0.8378465 
200 3 0.5528493 0.7921617 0.7935031 0.791388 0.8213458 0.7257036 
0 5 0.7265773 0.8494131 0.8246472 0.7936924 0.7550265 0.7847822 
20 5 0.643412 0.8760868 0.8985197 0.8369628 0.8794729 0.8796301 
50 5 0.6169783 0.8502977 0.7867977 0.8029766 0.7508655 0.8170785 
100 5 0.6173001 0.7753001 0.7607162 0.841084 0.7338993 0.7543548 
200 5 0.6585265 0.803889 0.8178797 0.8126796 0.7824179 0.8269962 
0 0 0.6202454 0.8236197 0.8296791 0.7791692 0.7451553 0.7659537 
20 0 0.6803323 0.7659456 0.9148769 0.9061029 0.8771365 0.8534896 
50 0 0.6041208 0.8073973 0.7261055 0.8643422 0.7864117 0.7681543 
100 0 0.6759217 0.8945699 0.8181024 0.7965555 0.8291268 0.8646324 
200 0 0.606812 0.7997007 0.7863077 0.7727231 0.8784473 0.8803327 
0 3 0.6461528 0.8352288 0.8202843 0.87656 0.9465086 0.7427001 
20 3 0.5833787 0.7519923 0.8166715 0.7903495 0.7492874 0.7921007 
50 3 0.6131152 0.7615671 0.8868307 0.8480497 0.7825514 0.8154981 
100 3 0.6256904 0.8172473 0.7379463 0.7463518 0.7754564 0.7383489 
200 3 0.6385084 0.8143001 0.8156238 0.7630534 0.7345025 0.7840181 
0 5 0.5911685 0.7552708 0.7831913 0.8166772 0.8098041 0.8229764 
20 5 0.6746457 0.8602126 0.8188451 0.7414505 0.8037678 0.8123853 
50 5 0.5803047 0.8031718 0.7367725 0.7772986 0.7350626 0.7820789 
100 5 0.6239502 0.8058622 0.7374231 0.8340465 0.7435615 0.7329837 
200 5 0.6058423 0.7731241 0.805168 0.7593453 0.7371958 0.8154992 
0 0 0.6486313 0.8846502 0.874719 0.7960542 0.9163748 0.801391 
20 0 0.630198 0.8638836 0.8608921 0.805795 0.757387 0.8089095 
50 0 0.6941289 0.8673757 0.7918869 0.769072 0.8847381 0.8812147 
100 0 0.6499245 0.8539725 0.7790022 0.835834 0.7904609 0.849884 
200 0 0.7108192 0.8687531 0.8066002 0.7636022 0.840216 0.807113 
0 3 0.6319406 0.830268 0.7765214 0.8148051 0.7866348 0.8404947 
20 3 0.6330406 0.7554091 0.8133472 0.7923737 0.8195732 0.7970111 
50 3 0.5839374 0.8446514 0.8257676 0.7715921 0.864718 0.8068252 
100 3 0.6294648 0.8022612 0.7480079 0.8519774 0.8797807 0.7763611 
200 3 0.6295424 0.8230197 0.8268963 0.8051168 0.8444241 0.8054988 
0 5 0.6563042 0.8408083 0.7410659 0.8089361 0.7862494 0.7720444 
20 5 0.5497184 0.851119 0.8327301 0.8146238 0.8623066 0.8203481 
50 5 0.6363843 0.7644355 0.8038497 0.7561717 0.826346 0.7746666 
100 5 0.6147843 0.7859369 0.8039831 0.7939555 0.8173655 0.8432101 
200 5 0.714989 0.8090552 0.7531916 0.7617934 0.800941 0.7453761 
0 0 0.617343 0.8215711 0.7450737 0.8325439 0.8212301 0.780477 
20 0 0.7484761 0.7967865 0.84049 0.843131 0.8155673 0.8030077 
50 0 0.6605325 0.8172188 0.757359 0.823251 0.7705142 0.8129029 
100 0 0.5807358 0.7716583 0.7592579 0.8111652 0.8386794 0.8418406 
200 0 0.6332675 0.8263811 0.8052621 0.7634161 0.7818623 0.7654068 
0 3 0.6817646 0.7921754 0.8432903 0.810235 0.8550484 0.792538 
20 3 0.6786573 0.8397531 0.7807057 0.7870753 0.777885 0.8420462 
50 3 0.6014589 0.7993222 0.8595322 0.7791353 0.7571166 0.8394335 
100 3 0.6390593 0.7135648 0.7460508 0.8422578 0.7274773 0.8380015 
200 3 0.5770824 0.8162029 0.7415447 0.7622394 0.7844813 0.8432376 
0 5 0.6611776 0.8233002 0.7620528 0.7878728 0.8243641 0.7903466 
20 5 0.6505342 0.8163026 0.7529845 0.8410732 0.8725598 0.8335213 
50 5 0.6052784 0.8603342 0.8045586 0.7853667 0.7421234 0.8391836 
100 5 0.5966749 0.8127614 0.7789328 0.7269853 0.8292732 0.7912302 
200 5 0.6210489 0.7981283 0.7804564 0.8016702 0.7959208 0.8200993 
0 0 0.6696906 0.7442246 0.7306423 0.8689746 0.8597732 0.866469 
20 0 0.6304499 0.8722421 0.7764129 0.8221989 0.7920878 0.8515152 
50 0 0.6800854 0.8271706 0.8664323 0.8578698 0.8211361 0.9713804 
100 0 0.6428725 0.7738452 0.7625026 0.7568234 0.8223963 0.7870656 
200 0 0.6350532 0.8796116 0.8236826 0.8792425 0.8491388 1.7767676 
0 3 0.5839491 2.2030387 0.8168287 0.8545519 1.2262386 1.3253153 
20 3 1.211997 1.3806826 0.7857367 0.8522585 0.8994926 0.8855048 
50 3 0.5992568 0.9736011 1.516994 0.8163992 0.8713777 1.2428867 
100 3 0.6155786 0.8070527 0.7519251 0.8119095 0.7539375 0.778928 
200 3 0.5679951 0.8434981 0.7911056 0.8040548 0.7925517 0.7714018 
0 5 0.6567268 0.7624849 0.8011151 0.8367075 0.8403142 0.8155011 
20 5 0.6080291 0.858329 0.7546152 0.7899676 0.7995788 0.8529958 
50 5 0.6202552 0.7790137 0.8106372 0.8672228 0.8026906 0.7988393 
100 5 0.6487114 0.7831148 0.8140771 0.7970937 0.8098212 0.7844228 
200 5 0.6417333 0.8335685 0.7759386 0.8167067 0.7857144 0.7475548 
0 0 0.662526 0.8556913 0.769715 0.8318974 0.8451164 0.8907106 
20 0 0.7402738 0.794418 0.8638798 0.9119539 0.8819065 0.8394914 
50 0 0.6247675 0.8089863 0.8303038 0.8640817 0.821059 0.7624361 
100 0 0.7023682 0.8527382 0.9458353 0.830539 0.8991377 0.8577125 
200 0 0.5378309 0.7088044 0.8457729 0.8550166 0.8703602 0.7561957 
0 3 0.7025111 0.8229866 0.7297028 0.8179519 0.8625577 0.7745707 
20 3 0.643545 0.8329912 0.7747863 0.8348586 0.8036502 0.7844673 
50 3 0.6081254 0.7325114 0.7341322 0.7750181 0.8687473 0.846461 
100 3 0.5888657 0.7530179 0.8158874 0.7472139 0.7703769 0.7540753 
200 3 0.5688206 0.8076438 0.8281812 0.8026936 0.7804 0.7776418 
0 5 0.5821477 0.752462 0.8080059 0.7733188 0.740616 0.728469 
20 5 0.608999 0.8080176 0.8378661 0.8240223 0.7701886 0.772102 
50 5 0.621019 0.7452926 0.8007564 0.7854657 0.7878526 0.7351665 
100 5 0.624944 0.8085188 0.775166 0.7484145 0.7778665 0.7865498 
200 5 0.6145053 0.7814043 0.8433645 0.7938989 0.8003006 0.7589872 
0 0 0.6937986 0.8809054 0.8311358 0.8899014 0.8380057 0.8331248 
20 0 0.611692 0.799022 0.7544458 0.8093611 0.7659569 0.8337739 
50 0 0.6762113 0.9144052 0.7701031 0.7376873 0.7429073 0.8874876 
100 0 0.6131692 0.8475684 0.8182348 0.7129053 0.8037473 0.7867039 
200 0 0.6075017 0.786648 0.7667895 0.7783164 0.8009699 0.7391001 
0 3 0.6167841 0.764163 0.791563 0.7916632 0.803992 0.7775858 
20 3 0.6224865 0.7476021 0.7647224 0.7637604 0.8810273 0.7199029 
50 3 0.629316 0.7402228 0.7186511 0.7666721 0.706546 0.7802145 
100 3 0.6141157 0.7580752 0.7515756 0.7773544 0.7956222 0.791932 
200 3 0.6053573 0.7848921 0.765069 0.7059234 0.7539763 0.8125358 
0 5 0.588479 0.7472875 0.735218 0.8371873 0.8355656 0.805519 
20 5 0.5634098 0.8382653 0.7906331 0.7867585 0.8203414 0.7554192 
50 5 0.7165343 0.7996633 0.7353078 0.7486127 0.7678166 0.8016176 
100 5 0.6003096 0.8311637 0.7712957 0.7165311 0.8154947 0.7300753 
200 5 0.6545416 0.8097332 0.7520149 0.7306919 0.8373905 0.8787628 
0 0 0.6058467 0.7873555 0.7648825 0.8128659 0.8211802 0.7930939 
20 0 0.6405994 0.8137312 0.7758345 0.8911854 0.799948 0.7937138 
50 0 0.6760119 0.90696 0.7950077 0.8453557 0.8680203 0.846204 
100 0 0.653125 0.892364 0.8053256 0.8503354 0.7927745 0.8370468 
200 0 0.6834794 0.8039173 0.8161743 0.7921591 0.7253736 0.7535927 
0 3 0.6752294 0.7778131 0.8490263 0.78919 0.6823088 0.8214136 
20 3 0.6509737 0.786578 0.7746293 0.7992525 0.7876837 0.7887516 
50 3 0.61857 0.8329231 0.7498631 0.7787097 0.8065393 0.8365569 
100 3 0.5454118 0.7918149 0.7447364 0.750157 0.7423983 0.7946241 
200 3 0.5830449 0.8134489 0.8091023 0.7281733 0.7463114 0.8154918 
0 5 0.6116115 0.8073642 0.7258378 0.7879858 0.7566475 0.8137591 
20 5 0.6256324 0.8268108 0.7886503 0.7948056 0.8058028 0.7974636 
50 5 0.6493248 0.8469941 0.7794884 0.8149694 0.7766314 0.8085083 
100 5 0.6327081 0.7918882 0.7375105 0.835722 0.7657227 0.7909897 
200 5 0.620953 0.7438567 0.7140288 0.7564747 0.7755503 0.7996402 
0 0 0.6396766 0.7917392 0.7252037 0.782143 0.8378296 0.8833298 
20 0 0.6037255 0.7799485 0.7552429 0.8457172 0.8185514 0.8340222 
50 0 0.6723475 0.8875824 0.7653228 0.8106644 0.8307049 0.865919 
100 0 0.653916 0.7959911 0.7179887 0.726314 0.7274004 0.7566515 
200 0 0.6495581 0.8640585 0.8434987 0.7942373 0.7937856 0.8132512 
0 3 0.615972 0.8557893 0.7893602 0.8863953 0.7988777 0.7782082 
20 3 0.6757158 0.7946637 0.7629411 0.8430925 0.7949092 0.7136644 
50 3 0.6077559 0.7893883 0.7399442 0.8041609 0.7546501 0.8242316 
100 3 0.6185694 0.8379645 0.7829352 0.789325 0.7962802 0.8294455 
200 3 0.6692455 0.8621866 0.8637837 0.8738218 0.8348541 0.7963821 
0 5 0.6190279 0.853414 0.8053671 0.8171937 0.7832763 0.8728001 
20 5 0.5947806 0.8137094 0.8363275 0.7731324 0.7744195 0.8411723 
50 5 0.6406561 0.7976882 0.746873 0.7896229 0.8056115 0.7806834 
100 5 0.6506216 0.7833156 0.8591232 0.8339261 0.7675994 0.8398794 
200 5 0.7048278 0.8065551 0.7254321 0.7665335 0.7872371 0.7595699 
0 0 0.6001463 0.7811558 0.8464909 0.7812936 0.7824582 0.74393 
20 0 0.6061342 0.8322891 0.7681666 0.8257399 0.7708761 0.811538 
50 0 0.6267522 0.8159844 0.720758 0.7649637 0.8179925 0.8611313 
