0 0 0.685305 0.947987 0.952298 0.912948 0.956036 0.922996 1022230.0 1191898.0 1140338.0 1216536.0 2660048.0 1260136.0
0 3 0.653523 0.889671 0.696061 0.832041 0.877232 0.831176 268368.0 1171462.0 828098.0 1049582.0 2565702.0 2192198.0
0 5 0.619972 0.784391 0.760112 0.755076 0.772876 0.730034 206948.0 210668.0 305214.0 238396.0 432024.0 151700.0
0 0 0.640386 0.867507 0.828771 0.779728 0.792353 0.789693 117616.0 355228.0 342356.0 194956.0 347894.0 551598.0
0 3 0.695269 0.807136 0.816846 0.898331 0.826068 0.735667 288186.0 271124.0 298464.0 213248.0 359728.0 316204.0
0 5 0.61261 0.734678 0.872555 0.769857 0.813598 0.738987 169874.0 470218.0 355026.0 563054.0 636088.0 628988.0
0 0 0.656236 0.817148 0.762768 0.761809 0.750652 0.921504 398876.0 630446.0 469008.0 833330.0 732282.0 940636.0
0 3 0.603201 0.763387 0.703958 0.73883 0.892618 0.837671 194400.0 756696.0 495596.0 816334.0 880088.0 724050.0
0 5 0.638968 0.811071 0.8024 0.747046 0.779091 0.806553 173092.0 208034.0 244666.0 214924.0 180180.0 324484.0
0 0 0.580547 0.856712 0.822764 0.783415 0.781349 0.741601 195268.0 540726.0 571666.0 303616.0 506642.0 574728.0
0 3 0.641782 0.789233 0.750286 0.829702 0.818356 0.784374 230006.0 296780.0 331348.0 229466.0 280240.0 203014.0
0 5 0.607383 0.720034 0.784986 0.789347 0.704623 0.819036 30442.0 391434.0 298392.0 338530.0 399738.0 592948.0
0 0 0.666282 0.785116 0.78595 0.835383 0.77734 0.869577 360658.0 600156.0 632648.0 597358.0 707792.0 709286.0
0 3 0.602247 0.73095 0.781057 0.811712 0.743157 0.763785 166796.0 690568.0 764324.0 903840.0 721850.0 590898.0
0 5 0.667402 0.830632 0.746714 0.772782 0.807254 0.889355 296284.0 255358.0 129426.0 168938.0 176562.0 429376.0
0 0 0.611644 0.80051 0.704378 0.761188 0.864902 0.758281 142544.0 413364.0 210286.0 281350.0 553950.0 508398.0
0 3 0.658651 0.786461 0.768909 0.825821 0.810694 0.747888 270152.0 382458.0 370720.0 423736.0 375386.0 325278.0
0 5 0.654107 0.832465 0.896562 0.785453 0.802117 0.819059 204464.0 700780.0 814712.0 391710.0 458054.0 428660.0
0 0 0.675733 0.810604 0.8742 0.769371 0.835658 0.827703 464342.0 452770.0 861770.0 425026.0 891114.0 877058.0
0 3 0.593494 0.713715 0.783682 0.743059 0.873646 0.81188 215726.0 718026.0 522732.0 507480.0 972272.0 727814.0
0 5 0.683279 0.824874 0.834489 0.79568 0.792582 0.783127 245916.0 235168.0 180694.0 304300.0 247688.0 175328.0
0 0 0.647423 0.84732 0.772255 0.834507 0.780882 0.834499 112854.0 437258.0 204030.0 502420.0 500996.0 462404.0
0 3 0.609984 0.811381 0.694157 0.852166 0.804518 0.802976 255660.0 216118.0 94618.0 206536.0 225934.0 327048.0
0 5 0.622916 0.924725 0.904424 0.925716 0.787438 0.892648 230018.0 1317918.0 2151098.0 2174524.0 933974.0 2160092.0
0 0 0.795302 0.979354 0.935214 0.976921 0.928137 1.025851 1047410.0 1231288.0 1894704.0 2034690.0 1697250.0 2673162.0
0 3 0.547505 0.792195 0.951915 0.856004 0.890491 1.119205 137754.0 1186004.0 1948402.0 528004.0 2890522.0 1390810.0
0 5 0.67865 0.84638 0.857836 0.791162 0.779618 0.826728 258976.0 379830.0 315212.0 216200.0 242278.0 236948.0
0 0 0.618826 0.824603 0.836824 0.759342 0.739887 0.779139 109022.0 409270.0 414926.0 515586.0 268224.0 564874.0
0 3 0.628083 0.757652 0.809375 0.786929 0.889704 0.798379 200728.0 142590.0 107116.0 143892.0 780250.0 316936.0
0 5 0.586995 0.803634 0.833956 0.841056 0.817111 0.741146 174456.0 461398.0 548934.0 626394.0 488732.0 392462.0
0 0 0.632393 0.820752 0.700333 0.878446 0.822413 0.803334 437886.0 433988.0 641832.0 539960.0 568656.0 576144.0
0 3 0.617868 0.846621 0.82963 0.813064 0.802361 0.903497 187060.0 791524.0 852730.0 501260.0 1078996.0 625932.0
0 5 0.598029 0.80352 0.74175 0.797456 0.80898 0.790038 174834.0 160802.0 151624.0 184868.0 236736.0 335658.0
0 0 0.629553 0.768172 0.81155 0.812873 0.771712 0.769354 111988.0 271792.0 326194.0 216922.0 381384.0 348936.0
0 3 0.596077 0.843744 0.836356 0.720365 0.818861 0.809906 124418.0 274050.0 172684.0 177246.0 247008.0 505768.0
0 5 0.569099 0.759302 0.801585 0.799948 0.788633 0.787659 159530.0 470232.0 419810.0 330132.0 665450.0 495186.0
0 0 0.713067 0.850781 0.791014 0.774949 0.821926 0.776478 403038.0 480610.0 615788.0 651156.0 793212.0 723074.0
0 3 0.638198 0.772166 0.790921 0.809178 0.752243 0.753696 391026.0 471632.0 914428.0 910182.0 927182.0 940512.0
0 5 0.600094 0.802413 0.775934 0.885468 0.775995 0.748244 104380.0 73592.0 137322.0 215394.0 327200.0 192160.0
0 0 0.602829 0.790001 0.787141 0.760222 0.802852 0.81842 86586.0 374082.0 441048.0 455530.0 530228.0 517780.0
0 3 0.624391 0.850532 0.785864 0.795102 0.80093 0.863268 199742.0 420054.0 214296.0 237196.0 201768.0 440454.0
0 5 0.636212 0.79506 0.778661 0.746042 0.773032 0.78006 222806.0 676422.0 374954.0 598702.0 406528.0 564644.0
0 0 0.684761 0.790037 0.854012 0.730783 0.836113 0.775156 448916.0 392464.0 489034.0 691492.0 736814.0 544526.0
0 3 0.585614 0.755818 0.721811 0.775464 0.825521 0.821756 285136.0 635626.0 483290.0 578558.0 938532.0 558226.0
0 5 0.642503 0.843258 0.757894 0.780523 0.870745 0.769939 121512.0 171416.0 212510.0 268052.0 294704.0 289906.0
0 0 0.547155 0.750483 0.823125 0.835088 0.772133 0.773645 135882.0 390758.0 211448.0 280920.0 489058.0 607056.0
0 3 0.668071 0.788415 0.777662 0.831632 0.851904 0.81059 207296.0 238224.0 159764.0 254212.0 265142.0 366772.0
0 5 0.603415 0.769977 0.751565 0.766986 0.715249 0.765839 31064.0 343856.0 363790.0 212284.0 434386.0 317588.0
0 0 0.689399 0.783696 0.857874 0.805005 0.748436 0.921201 371290.0 422212.0 806364.0 590604.0 577654.0 728982.0
0 3 0.60231 0.746546 0.83259 0.764729 0.820256 0.770915 378344.0 739786.0 697038.0 575384.0 893806.0 460420.0
0 5 0.629385 0.795015 0.80561 0.800661 0.730903 0.786839 230596.0 287356.0 263618.0 286410.0 168252.0 326626.0
0 0 0.6085 0.855079 0.759428 0.684 0.934983 0.808631 75702.0 432516.0 394528.0 299206.0 575032.0 581112.0
0 3 0.63675 0.833615 0.733798 0.807521 0.771249 0.841933 237756.0 358896.0 370986.0 278880.0 346664.0 164656.0
0 5 0.59873 0.846277 0.799288 0.815842 0.831365 0.832263 111998.0 504158.0 483316.0 345660.0 607588.0 535284.0
0 0 0.611223 0.803301 0.839228 0.785246 0.759161 0.822099 365106.0 476864.0 364298.0 593864.0 560522.0 820128.0
0 3 0.616377 0.814266 0.793045 0.837781 0.852057 0.762638 190394.0 729448.0 742120.0 633796.0 906554.0 811012.0
0 5 0.641391 0.77551 0.731186 0.773519 0.750623 0.790053 216346.0 161960.0 170994.0 84184.0 150224.0 164498.0
0 0 0.614972 0.799095 0.73918 0.751428 0.844393 0.840901 165346.0 426642.0 322544.0 357498.0 582302.0 636114.0
0 3 0.650098 0.745415 0.736153 0.783816 0.831087 0.8513 252912.0 307924.0 173304.0 220986.0 279932.0 458354.0
0 5 0.646456 0.809539 0.745176 0.818124 0.786833 0.78749 217612.0 530530.0 574202.0 653286.0 330142.0 710586.0
0 0 0.632737 0.775667 0.922288 0.877985 0.840478 0.826096 502230.0 752092.0 952978.0 922674.0 993206.0 957296.0
0 3 0.593059 0.772327 0.82146 0.84016 0.78597 0.89547 204512.0 808056.0 989764.0 554702.0 911954.0 954902.0
0 5 0.640487 0.75164 0.801141 0.783752 0.865238 0.833517 203282.0 256934.0 185938.0 169554.0 269378.0 203650.0
0 0 0.615862 0.830945 0.802403 0.772594 0.819122 0.772474 178362.0 475186.0 507930.0 527172.0 310268.0 616066.0
0 3 0.657758 0.791201 0.829685 0.771197 0.820067 0.773833 189734.0 303174.0 380864.0 183978.0 314342.0 324260.0
0 5 0.608203 0.818166 0.822062 0.820299 0.808602 0.788806 188998.0 504618.0 409744.0 769838.0 604738.0 806856.0
0 0 0.673817 0.863533 0.775435 0.87753 0.747192 0.871414 538648.0 713220.0 847154.0 937324.0 1054526.0 1050394.0
0 3 0.564294 0.816818 0.758768 0.785377 0.758273 0.767277 203550.0 721046.0 545868.0 580714.0 846268.0 880622.0
0 5 0.64488 0.752631 0.742574 0.823484 0.807716 0.844058 166712.0 256394.0 238222.0 349920.0 410568.0 242442.0
0 0 0.654995 0.822785 0.830558 0.786475 0.784436 0.83268 158222.0 572852.0 560688.0 455318.0 367240.0 812056.0
0 3 0.655389 0.749681 0.795695 0.777686 0.824469 0.788019 251828.0 236776.0 304734.0 345738.0 307154.0 162028.0
0 5 0.618414 0.861783 0.775969 0.791907 0.770753 0.820461 138544.0 439472.0 487200.0 498458.0 541246.0 633142.0
0 0 0.67701 0.807019 0.776883 0.766057 0.768631 0.762298 457858.0 797992.0 815820.0 761294.0 538286.0 910486.0
0 3 0.669615 0.794025 0.76964 0.808252 0.753038 0.783884 224930.0 712024.0 777300.0 965830.0 545776.0 1087058.0
0 5 0.670051 0.828441 0.895861 0.857245 0.87095 0.793819 179882.0 189356.0 655318.0 413062.0 211796.0 266342.0
0 0 0.604119 0.821374 0.746808 0.808254 0.828595 0.790729 168702.0 447626.0 330068.0 653644.0 769176.0 797452.0
0 3 0.701328 0.789028 0.739916 0.770628 0.759503 0.831952 361116.0 212044.0 198602.0 244550.0 228440.0 163760.0
0 5 0.615871 0.808326 0.762281 0.836344 0.84255 0.795992 193648.0 587476.0 716192.0 468624.0 675744.0 504502.0
0 0 0.633584 0.853146 0.68224 0.895231 0.86609 0.779292 428426.0 818282.0 745412.0 695052.0 877554.0 1147524.0
0 3 0.62807 0.763859 0.733512 0.762699 0.783983 0.789238 353928.0 706302.0 859762.0 1071504.0 574218.0 1273100.0
0 5 0.635508 0.830348 0.739365 0.808427 0.816676 0.731238 236588.0 196574.0 190548.0 153916.0 345074.0 129548.0
0 0 0.618024 0.758306 0.744798 0.777657 0.79572 0.811587 250894.0 437340.0 501948.0 248682.0 654828.0 695696.0
0 3 0.688729 0.827829 0.830736 0.869197 0.818485 0.809338 261282.0 238416.0 289846.0 212458.0 281820.0 361486.0
0 5 0.641225 0.822065 0.802702 0.806161 0.808565 0.835515 161608.0 355108.0 553104.0 482854.0 655136.0 748998.0
0 0 0.670532 0.810251 0.793691 0.78524 0.79931 0.82566 447552.0 752050.0 943064.0 795466.0 552018.0 927082.0
0 3 0.601554 0.843329 0.805011 0.856903 0.801166 0.740091 170864.0 774652.0 809792.0 996166.0 570426.0 915946.0
0 5 0.649502 0.719166 0.785254 0.791964 0.754401 0.79112 186764.0 267102.0 325946.0 207858.0 209914.0 352440.0
0 0 0.597518 0.806708 0.789914 0.757173 0.764378 0.834158 118158.0 382240.0 445194.0 466044.0 242612.0 663250.0
0 3 0.680531 0.893393 0.810855 0.787315 0.756049 0.800346 225442.0 279370.0 294040.0 286858.0 253782.0 367184.0
0 5 0.61504 0.784953 0.791738 0.875865 0.76847 0.798783 169126.0 409824.0 490246.0 563792.0 325190.0 801708.0
0 0 0.646586 0.924701 0.822876 0.777923 0.754337 0.808863 503466.0 755238.0 756472.0 856706.0 756762.0 636524.0
0 3 0.607353 0.72306 0.752051 0.772634 0.758541 0.751869 202852.0 689240.0 844018.0 1014994.0 862558.0 997058.0
0 5 0.586796 0.778794 0.723803 0.774265 0.731963 0.838636 193298.0 242754.0 267960.0 284306.0 304160.0 269316.0
0 0 0.594972 0.819624 0.790788 0.741376 0.816847 0.785894 123392.0 548064.0 449998.0 536856.0 703490.0 681962.0
0 3 0.674666 0.780526 0.794876 0.768525 0.785794 0.808723 229000.0 430566.0 504200.0 530506.0 423940.0 213136.0
0 5 0.665724 0.81623 0.774688 0.833808 0.765461 0.771866 313532.0 544892.0 521666.0 431980.0 673220.0 497000.0
0 0 0.654339 0.763943 0.716538 0.774691 0.833947 0.8501 399076.0 634336.0 495306.0 880596.0 817736.0 949722.0
0 3 0.610608 0.781725 0.849151 0.788725 0.791231 0.823794 219678.0 764530.0 769136.0 924506.0 867504.0 1165468.0
0 5 0.677842 0.781349 0.676187 0.82617 0.781993 0.804264 294056.0 307954.0 133512.0 204506.0 240040.0 290080.0
0 0 0.658839 0.814607 0.771826 0.745735 0.772507 0.836196 83718.0 148618.0 331870.0 386944.0 258810.0 445456.0
0 3 0.643523 0.815495 0.739659 0.859942 0.802826 0.730175 248954.0 220814.0 263528.0 379900.0 447764.0 404370.0
0 5 0.61709 0.756679 0.814748 0.795241 0.833947 0.797915 160272.0 418822.0 503756.0 270760.0 588212.0 677188.0
0 0 0.682896 0.852688 0.889232 0.874088 0.794835 0.817603 405500.0 665796.0 908684.0 861376.0 896778.0 857116.0
0 3 0.626782 0.800099 0.787899 0.831861 0.782788 0.862341 385404.0 752600.0 831792.0 916386.0 972670.0 951930.0
0 5 0.70191 0.773094 0.842145 0.838077 0.810042 0.851552 270082.0 122698.0 121638.0 190494.0 215266.0 202644.0
0 0 0.588757 0.847451 0.847497 0.798687 0.804742 0.72932 126956.0 458500.0 312614.0 598930.0 615952.0 590528.0
0 3 0.671609 0.878242 0.752848 0.773317 0.756708 0.798296 308810.0 431588.0 484274.0 440272.0 265632.0 269164.0
0 5 0.594463 0.740723 0.805459 0.805183 0.705475 0.789224 185948.0 465198.0 495652.0 353012.0 638768.0 667748.0
0 0 0.730604 0.897727 0.779617 0.802511 0.840025 0.851722 473260.0 743422.0 755464.0 922860.0 822702.0 789716.0
0 3 0.634495 0.805107 0.810649 0.786477 0.776313 0.790482 306334.0 775018.0 908396.0 631524.0 933310.0 1084198.0
0 5 0.623551 0.872754 0.822775 0.761248 0.731724 0.78578 160134.0 240222.0 277398.0 341206.0 394542.0 147352.0
0 0 0.57847 0.7965 0.720913 0.767243 0.711919 0.736026 116242.0 382680.0 364840.0 443976.0 262530.0 449838.0
0 3 0.647389 0.822921 0.836983 0.747966 0.813332 0.823625 197318.0 201680.0 242914.0 261704.0 356498.0 409984.0
0 5 0.578505 0.758964 0.829441 0.804777 0.758732 0.839005 163278.0 571304.0 670910.0 565032.0 412742.0 844396.0
0 0 0.702274 0.813565 0.807317 0.825221 0.822047 0.84388 509896.0 672522.0 865830.0 790470.0 836594.0 1095268.0
0 3 0.579251 0.75248 0.703315 0.816091 0.810626 0.765319 192334.0 734224.0 711366.0 815336.0 521486.0 666244.0
0 5 0.657256 0.816059 0.783124 0.827422 0.810634 0.794313 211782.0 151372.0 236388.0 144256.0 124092.0 235238.0
0 0 0.666641 0.790252 0.743714 0.746676 0.773106 0.750317 84518.0 226172.0 297484.0 328106.0 441482.0 491942.0
0 3 0.660416 0.813813 0.785583 0.822245 0.751068 0.760266 220036.0 178028.0 102178.0 235720.0 171938.0 204252.0
0 5 0.584958 0.721527 0.754274 0.774028 0.817806 0.863252 168152.0 1112560.0 1153868.0 908502.0 1006134.0 1449682.0
