0 0 1.337989 1.311995 1.480075 1.41958 1.592085 2.020121 1.684118 1.632013 1.587407 1.488819 1332052.0 1543904.0 1392520.0 2184874.0 1640300.0 1619362.0 4236092.0 2175254.0 3963144.0 2961170.0
0 0 0.999858 1.405079 1.874856 1.562696 1.453039 1.999506 1.717645 1.53503 1.451815 3.294958 215718.0 1095740.0 1728028.0 2688548.0 4380500.0 1684046.0 5055534.0 3124694.0 1693512.0 3306202.0
0 0 1.372037 1.4773 1.388034 1.703893 1.449761 2.111901 1.720109 1.75379 1.397576 1.328009 1196616.0 1242110.0 1259528.0 1548672.0 3048852.0 2682456.0 4778090.0 3052536.0 3944672.0 1905400.0
0 0 0.935427 1.60403 1.561166 1.435557 1.624251 1.998953 1.436775 1.491493 1.406126 1.326114 250314.0 1851932.0 1808668.0 1867664.0 5019092.0 1968192.0 2664526.0 2281648.0 3328970.0 2377008.0
0 0 1.191992 1.284252 1.752225 1.503926 1.411698 2.07597 1.820481 1.507673 1.44967 3.16823 1118600.0 1012974.0 1881700.0 1859054.0 2781158.0 2889118.0 4833426.0 3111176.0 4014400.0 3620598.0
0 0 0.922455 1.559301 1.452042 1.500013 1.52859 1.967863 1.687303 1.827439 1.671091 1.357664 307924.0 1569228.0 1832198.0 2429874.0 2671662.0 1737148.0 6082598.0 2833158.0 4532638.0 3337174.0
0 0 1.511868 1.567945 1.467822 1.32451 1.648161 1.999994 1.706371 1.599942 1.673737 1.295897 1135338.0 1219680.0 1882336.0 1939436.0 3887464.0 1960992.0 4823300.0 3380590.0 2968016.0 1786326.0
0 0 0.958895 1.374028 1.592867 1.57876 1.455107 2.061196 1.812673 1.717596 1.661424 1.48875 223828.0 1628162.0 1753708.0 2845446.0 2501718.0 2372886.0 4513848.0 2507088.0 4547970.0 2883870.0
0 0 1.404046 1.404213 1.620194 1.652119 1.475977 2.124003 1.791932 1.631991 1.589007 1.525905 1265340.0 1320752.0 2197966.0 1440740.0 3778392.0 2729136.0 3708276.0 2784310.0 4278630.0 3287198.0
0 0 0.984004 1.640396 1.530011 1.624422 1.468431 2.046844 1.577191 1.67198 1.264406 1.623952 141194.0 1419424.0 1077916.0 2022276.0 3093384.0 3557288.0 3291746.0 3236876.0 3791896.0 3179766.0
0 0 2.431738 1.311912 1.576135 1.516048 1.731999 2.172027 1.543966 1.881358 1.517641 1316140.0 1431008.0 1693136.0 1493194.0 4356312.0 1930838.0 3599168.0 2502704.0 2873378.0
0 0 1.171837 1.202227 1.31241 1.505669 1.280844 2.075904 1.467775 1.717907 1.624737 274140.0 1104274.0 1293038.0 2682636.0 4435318.0 3260494.0 3082276.0 2607810.0 2686064.0
0 0 1.316052 1.371611 1.288107 1.64806 1.628043 2.068229 1.600061 1.747946 1.439811 1230330.0 1183578.0 1801202.0 1973904.0 3025198.0 2310288.0 5114826.0 2840572.0 3274112.0
0 0 1.171803 1.622184 1.496831 1.616487 1.402915 2.859406 1.405393 1.531068 1.514024 229090.0 1124434.0 1647734.0 2175768.0 4802684.0 2132454.0 4752200.0 2614508.0 2828372.0
0 0 1.471787 1.380413 1.279979 1.444156 1.636383 2.060143 1.571938 1.644056 1.387884 1068692.0 1333392.0 1556302.0 2257942.0 2872248.0 1569096.0 4288044.0 2020946.0 2949744.0
0 0 0.981884 1.264994 1.412452 1.62477 1.53105 2.188006 1.514299 1.702217 1.390459 372646.0 1307140.0 1635640.0 1781536.0 4124256.0 2957200.0 3280960.0 3279744.0 3618868.0
0 0 1.099768 1.511911 2.412423 1.369314 1.687948 1.988151 1.796078 1.625919 1.413638 1157472.0 961920.0 1830982.0 1841016.0 5246888.0 2633554.0 3457294.0 2248182.0 2449602.0
0 0 1.052552 1.422044 1.311563 1.593862 1.218666 2.154623 1.686575 1.716802 3.313489 154132.0 1563432.0 1811858.0 2213462.0 3601982.0 3133150.0 3999696.0 3526572.0 3745676.0
0 0 1.211827 1.368044 1.988041 2.021689 2.472176 2.372037 2.076263 2.166728 2.211005 1132754.0 1017986.0 1772736.0 1711112.0 1935990.0 2138850.0 3357752.0 3087002.0 2843922.0
0 0 1.187182 1.740694 1.82772 2.496528 2.076857 2.59378 2.135968 1.942618 3.739577 215016.0 1289208.0 1336772.0 1242754.0 2977722.0 2654640.0 2571854.0 2135870.0 2744868.0
0 0 1.243764 1.532021 1.898665 2.139157 2.856187 2.4759 2.144172 2.38401 2.311582 780688.0 1115750.0 1474782.0 1866808.0 2908446.0 2589774.0 2284478.0 1612758.0 2637734.0
0 0 1.12463 1.747547 2.890562 1.862419 2.01777 2.500256 2.213907 2.297317 3.308735 188304.0 1091340.0 1227106.0 1554340.0 2499106.0 2146078.0 3477890.0 2949576.0 2409514.0
0 0 1.248051 1.74386 2.496013 1.855789 2.008339 3.191809 2.246812 2.263856 2.059054 881246.0 1249974.0 1263820.0 1754956.0 3042390.0 1623054.0 4744616.0 1840894.0 2978830.0
0 0 1.109291 1.488804 1.997265 1.859584 3.298763 2.405418 1.998511 2.217969 3.874075 359968.0 950204.0 1365812.0 1441192.0 2347372.0 1456050.0 2739912.0 2810288.0 2751890.0
0 0 1.743797 1.935987 1.992233 1.912152 2.095895 2.405722 2.023929 2.092068 2.118872 817278.0 1285254.0 1737472.0 1336496.0 3550736.0 2049272.0 3503356.0 2838888.0 1821794.0
0 0 0.984409 1.72152 2.141331 2.155399 2.111883 3.859415 2.241332 2.296015 2.249135 48920.0 1059066.0 1535076.0 1959684.0 2691318.0 2042666.0 4258546.0 3502914.0 3154790.0
0 0 1.159963 1.419453 1.816002 1.868055 2.100182 2.377106 2.137318 2.339898 2.001125 939506.0 1242168.0 1472232.0 2000934.0 3401792.0 1845896.0 2620842.0 2614198.0 2464492.0
0 0 1.030421 1.905895 2.140275 1.918846 3.250112 2.72058 2.374341 2.389581 2.170957 262886.0 1351606.0 1338924.0 1485512.0 3108202.0 1205498.0 3943984.0 2814562.0 2243630.0
0 0 1.687935 1.692092 1.995929 1.68756 2.041007 2.395882 2.063895 2.077063 1.861675 1035804.0 1100236.0 1541710.0 1459254.0 3113172.0 2265052.0 3711984.0 2496054.0 1894378.0
0 0 0.945198 1.326428 2.094173 1.922974 3.298749 3.722117 2.229402 2.163489 2.107319 261494.0 848408.0 1665708.0 1828220.0 2854696.0 2066794.0 2553686.0 2312628.0 2480516.0
0 0 1.42414 1.368135 2.827972 2.034133 2.22409 4.020072 2.123056 1.965273 3.032982 1204596.0 960216.0 1660656.0 1540002.0 3486556.0 1996660.0 2323086.0 2272526.0 1896440.0
0 0 1.53105 1.652016 2.031586 1.795927 2.065317 2.358433 2.13736 2.075232 3.625747 246532.0 1289626.0 1562090.0 1836910.0 3243092.0 1710884.0 4063474.0 2394166.0 2183652.0
0 0 1.316093 2.04423 1.975467 2.027926 1.952074 2.463864 2.22831 2.176185 3.152438 975998.0 1117868.0 1642766.0 1189928.0 1614180.0 2070326.0 3548050.0 2159046.0 2713492.0
0 0 1.184933 1.4704 2.061958 2.640682 2.247889 2.748008 2.164748 2.218367 3.634437 233658.0 1272816.0 1647654.0 1486900.0 4368578.0 1672988.0 3122998.0 2969670.0 2418594.0
0 0 1.4265 1.712372 1.964052 1.788008 2.052043 2.480233 2.095873 2.147252 3.126446 1077442.0 1331256.0 1488992.0 1495292.0 2104430.0 2176794.0 2457328.0 1782636.0 3506178.0
0 0 0.997828 1.362568 2.001521 1.907029 2.030576 2.402078 2.069269 2.155391 3.62471 249736.0 1159422.0 2011480.0 1812914.0 3048074.0 1272516.0 3687896.0 2638606.0 2097072.0
0 0 1.771821 1.503978 1.888224 1.99948 2.735394 2.456241 2.095998 2.296165 2.191003 1071590.0 1050264.0 1596110.0 1184670.0 2394338.0 1778960.0 3807844.0 2434744.0 1735170.0
0 0 1.312518 1.429173 1.951992 2.000371 3.250285 2.22627 2.176387 2.14085 2.126296 216194.0 978608.0 1520642.0 1569826.0 2346178.0 1176624.0 3687498.0 1613292.0 2775920.0
0 0 1.235784 1.471944 2.067254 2.031427 2.116029 2.448042 2.307488 2.212184 1.941743 1078434.0 1316198.0 1713218.0 1332064.0 2325052.0 2339622.0 3560416.0 2591644.0 1710872.0
0 0 1.00447 1.688086 2.914593 1.952146 2.092905 2.610343 2.091935 2.985067 2.018545 237534.0 1200058.0 1173956.0 1520746.0 2363600.0 1954234.0 4031556.0 2136730.0 2157434.0
