0 0 1.075956 1.407708 1.743995 2.059956 1.848789 2.209334 1090192.0 1332896.0 2060082.0 2353924.0 3249674.0 3555972.0
20 0 1.193705 2.754308 0.162243 0.218233 4.841925 1.288032 310556.0 1269772.0 213710.0 1834.0 3552070.0 2378986.0
50 0 1.371424 1.548081 1.366041 1.95616 1.795897 1.450088 974326.0 1247620.0 1679288.0 2685800.0 2674668.0 2586968.0
100 0 1.187699 1.515051 1.613564 2.461085 1.812251 1.77526 149252.0 1422998.0 1812302.0 2822488.0 3537458.0 2263348.0
200 0 1.295741 1.589414 1.72398 2.307995 1.907785 2.386299 660044.0 939050.0 1426748.0 1445672.0 2221048.0 4012764.0
0 3 1.046647 1.265188 1.680967 2.187745 1.874988 1.809401 283520.0 1248368.0 2791268.0 2258326.0 4577722.0 3895952.0
20 3 1.572005 2.528024 2.464344 4.136153 5.752414 2.004411 327208.0 534850.0 609330.0 690646.0 692818.0 198634.0
50 3 1.109385 1.750379 1.964415 2.281133 2.610324 2.531906 72962.0 368470.0 678962.0 755772.0 999414.0 1299164.0
100 3 1.811969 1.862584 3.912025 6.243768 4.835819 12.556141 204466.0 151450.0 312124.0 371698.0 687438.0 1555652.0
200 3 1.822032 1.746445 1.897212 2.781229 2.828901 3.151431 225526.0 181298.0 384658.0 702448.0 1042480.0 1229378.0
0 5 1.259866 1.347848 1.664106 2.315776 2.747412 3.589044 250472.0 366204.0 673356.0 994954.0 1037964.0 1380888.0
20 5 1.609614 1.2866 1.499574 2.555945 2.327208 2.179999 267132.0 405442.0 664164.0 1257688.0 1344470.0 1127010.0
50 5 1.587967 2.359525 3.295894 4.991462 9.335632 10.723932 180390.0 167732.0 337080.0 553328.0 1006364.0 1155946.0
100 5 1.675373 1.562069 2.11325 2.753591 2.860126 2.449203 187766.0 228954.0 570632.0 961674.0 1069616.0 1233308.0
200 5 2.204062 2.951882 4.936056 9.218943 8.240448 15.403875 190810.0 149088.0 376220.0 412458.0 720458.0 1276648.0
0 0 1.74806 1.966427 1.957837 3.210882 2.827669 2.560357 199266.0 363352.0 516670.0 708820.0 1177942.0 1297632.0
20 0 2.339993 1.427797 1.383949 2.588008 2.820089 2.183055 578422.0 619518.0 1085558.0 1488584.0 1630038.0 1599962.0
50 0 1.052889 1.642937 1.344061 2.35655 1.70223 2.252968 159216.0 823788.0 877554.0 1767928.0 812110.0 1833600.0
100 0 1.611973 1.290831 1.360533 2.216215 2.408052 2.159962 552684.0 714662.0 1024550.0 1322008.0 1864408.0 1742796.0
200 0 1.046722 1.371404 2.233385 2.393214 2.082123 1.482984 144756.0 858590.0 809444.0 1984546.0 2021838.0 1349156.0
0 3 1.236151 1.379306 1.583451 2.926853 3.071974 3.617739 268336.0 453604.0 293440.0 639758.0 954504.0 879808.0
20 3 1.119757 1.794047 1.91961 3.031631 2.405077 2.060395 193818.0 555348.0 952902.0 1163236.0 1568158.0 1373332.0
50 3 1.999428 1.79588 2.808035 4.140013 3.850401 10.337993 227954.0 120564.0 375682.0 606940.0 766744.0 1306588.0
100 3 1.485021 1.29414 1.945164 2.670324 2.560866 2.414317 197180.0 289286.0 596196.0 911470.0 1013238.0 1245312.0
200 3 1.707876 2.19622 4.535823 6.589007 9.059886 17.751886 192288.0 230890.0 402816.0 600704.0 658738.0 1048754.0
0 5 1.027568 1.844059 2.027008 2.81936 2.750184 2.347625 88104.0 297402.0 520130.0 901836.0 1338548.0 1203182.0
20 5 1.648283 1.932311 2.715476 3.643396 3.755716 4.309318 236470.0 206998.0 360252.0 658234.0 862676.0 939264.0
50 5 1.519842 1.764996 1.932529 2.63553 2.505507 2.924509 227016.0 358450.0 623546.0 1066346.0 1466744.0 956700.0
100 5 2.10805 2.248191 3.44397 6.831562 8.171168 16.763453 178616.0 110522.0 389366.0 423780.0 562346.0 952086.0
200 5 1.635482 1.745154 2.125061 2.838531 2.893389 2.47063 200752.0 247806.0 479236.0 863916.0 990382.0 1345576.0
0 0 1.180105 1.34998 1.33594 2.335968 1.681217 2.263119 432924.0 499536.0 946972.0 1648938.0 1179588.0 1879590.0
20 0 1.093779 1.57835 1.763113 2.386378 1.843165 2.301911 57682.0 710000.0 1184048.0 1808664.0 837226.0 1795684.0
50 0 1.071673 1.287919 1.376481 1.935947 2.092125 2.850759 481466.0 565000.0 1469846.0 1719234.0 1643426.0 1330198.0
100 0 0.921574 1.826953 1.874653 2.367849 2.237858 1.989447 16848.0 858236.0 1576448.0 1788548.0 1971202.0 1575010.0
200 0 1.207872 1.424043 1.83259 2.755867 2.555809 2.364318 333432.0 704878.0 1225842.0 1656290.0 1640200.0 1525898.0
0 3 1.019818 1.825362 1.422181 1.898567 2.304268 2.339356 186356.0 750382.0 731258.0 1473430.0 1431876.0 1934856.0
20 3 1.76402 1.763028 2.344182 2.931925 3.387413 2.469962 248950.0 234072.0 464246.0 816376.0 999972.0 604080.0
50 3 1.057358 1.750047 1.966751 2.856534 2.458328 2.441546 101248.0 364396.0 663288.0 1113950.0 1014698.0 1292784.0
100 3 2.52 1.935978 3.468021 6.403315 8.503866 13.990939 148638.0 120862.0 332482.0 478756.0 655650.0 1117608.0
200 3 1.641009 1.515039 2.015903 2.505489 2.969516 3.045068 214862.0 276404.0 504854.0 600378.0 1031270.0 1032750.0
0 5 1.483744 1.783892 2.039944 2.835868 3.558687 3.547925 254012.0 362758.0 486890.0 656594.0 763538.0 909290.0
20 5 1.577962 1.762953 1.733094 2.528956 2.440856 2.30046 242590.0 334150.0 280518.0 973974.0 1385880.0 1675438.0
50 5 1.54425 1.884055 4.759973 5.219465 5.723377 11.01437 179918.0 169970.0 294564.0 528128.0 700542.0 1297840.0
100 5 1.156108 2.418778 1.983818 2.829729 2.803628 2.376391 118686.0 304900.0 509572.0 874210.0 1281780.0 1276910.0
200 5 2.247921 3.019922 7.423874 6.223308 11.183925 23.131305 185902.0 166842.0 319948.0 551242.0 716992.0 1074288.0
0 0 1.578397 1.623161 2.061586 2.925503 3.564558 2.671926 176506.0 277832.0 499064.0 658044.0 1018114.0 1229434.0
20 0 1.115971 1.088001 1.327338 2.483987 2.135071 2.650559 451486.0 447376.0 774924.0 1731414.0 1842758.0 1368972.0
50 0 0.937428 1.633293 1.658348 2.543392 1.909824 2.061312 179740.0 739232.0 1338404.0 1560248.0 1541826.0 1472336.0
100 0 1.408107 1.792054 1.436141 2.191632 2.191276 2.216677 530184.0 771676.0 1276350.0 1359330.0 2308594.0 2190186.0
200 0 0.974869 1.683222 1.35805 1.959853 2.077649 3.287554 133316.0 879590.0 1305622.0 1773146.0 1901148.0 1881614.0
0 3 1.059753 1.636173 1.967501 2.794774 2.284248 3.034888 341004.0 441400.0 512186.0 796552.0 619988.0 1358974.0
20 3 1.07802 1.219623 1.81018 2.525472 2.195491 2.090866 183878.0 589006.0 565514.0 1495864.0 1567318.0 1169302.0
50 3 1.660006 1.855894 1.819013 4.224044 4.290813 10.175877 163192.0 154230.0 221864.0 616520.0 723094.0 1405620.0
100 3 1.203064 1.812653 1.982727 2.579512 2.848345 2.586317 104874.0 282654.0 603866.0 713628.0 1151924.0 1205330.0
200 3 2.080051 1.759997 3.668281 5.823634 7.427706 17.054423 185830.0 170884.0 401702.0 616000.0 607916.0 1073548.0
0 5 1.000194 1.71605 1.889113 2.66288 2.570527 2.510305 127046.0 335914.0 546508.0 869982.0 1140662.0 1369318.0
20 5 1.775953 2.408182 2.408011 3.439811 3.687542 4.176167 241262.0 224718.0 397118.0 623618.0 834574.0 937846.0
50 5 1.546768 1.452145 2.092817 2.730935 2.499461 2.336742 209072.0 337450.0 562946.0 1110398.0 1066030.0 1324354.0
100 5 2.215821 1.756356 4.72004 7.031224 9.665979 16.38373 173546.0 83742.0 294422.0 413504.0 564360.0 1070194.0
200 5 1.656655 1.516143 2.125893 2.813479 2.764175 2.303509 220840.0 152258.0 463700.0 693044.0 1047788.0 968608.0
0 0 1.227902 1.647856 1.224255 2.619416 2.033675 2.121705 512690.0 800354.0 1161170.0 895144.0 1393546.0 1916896.0
20 0 0.932434 1.670146 1.668951 1.985512 2.25532 1.974497 216436.0 814826.0 962554.0 1508306.0 2114228.0 1644872.0
50 0 1.203919 1.499846 1.293847 2.315721 2.152305 1.9345 501118.0 721484.0 1266472.0 1679546.0 2038738.0 1787168.0
100 0 0.968053 1.981914 1.750098 2.246471 2.096142 2.08496 208798.0 721554.0 1409788.0 1392518.0 1757490.0 2161026.0
200 0 1.404038 1.631112 1.624004 2.171875 3.372089 1.571429 665080.0 956504.0 1395722.0 1583322.0 2385524.0 1725950.0
0 3 1.078241 1.296009 1.515183 1.936579 1.468258 1.470953 209260.0 981044.0 1821708.0 2641180.0 1092114.0 2364962.0
20 3 1.708231 1.940163 2.131731 2.875337 3.81996 3.937818 207910.0 279358.0 440484.0 805514.0 819200.0 954720.0
50 3 0.958543 1.191767 1.936455 2.264327 2.103098 1.775571 203662.0 1059126.0 2100298.0 1727954.0 2506930.0 1681420.0
100 3 1.846897 1.647333 3.795357 4.451837 2.407933 12.303729 160564.0 133086.0 334414.0 534372.0 552202.0 1406222.0
200 3 1.687471 2.361474 2.07775 2.966348 2.618544 2.921442 216838.0 308342.0 542232.0 972562.0 1173422.0 1173828.0
0 5 1.35593 1.713889 2.052012 3.176003 2.219179 3.83934 223426.0 280224.0 482666.0 775304.0 773536.0 1025516.0
20 5 1.156123 1.51526 1.420963 1.874021 1.467723 1.608155 180064.0 1265008.0 2474312.0 2214536.0 3763312.0 3705860.0
50 5 1.72401 1.896068 3.028179 2.895865 5.63362 3.829512 228778.0 122476.0 367480.0 371524.0 642014.0 408892.0
100 5 1.531392 1.656113 2.023487 2.734168 2.714147 2.415219 167676.0 264520.0 518014.0 841548.0 1079716.0 1074068.0
200 5 2.051902 2.29939 4.563986 9.323976 3.623446 23.73222 172220.0 145312.0 283642.0 413188.0 148958.0 886270.0
0 0 0.968644 1.700515 1.973719 2.779304 2.825288 2.735423 30936.0 231980.0 410104.0 699558.0 1023616.0 1333100.0
20 0 1.751973 1.196068 1.449788 2.37969 2.352097 2.163743 449816.0 386516.0 1052312.0 1448524.0 1347702.0 1493988.0
50 0 0.920596 1.259316 1.196207 2.169804 4.088032 2.216416 218578.0 711850.0 567786.0 1452286.0 1823680.0 1926470.0
100 0 1.395853 1.495961 1.714904 2.375624 2.178742 2.240546 506370.0 854926.0 1157898.0 1369184.0 1700794.0 1415902.0
200 0 0.922027 1.358819 1.687892 2.20254 2.374148 2.23246 246192.0 618924.0 1605282.0 1883398.0 1816520.0 1909582.0
0 3 1.615939 1.716099 2.000024 2.936094 2.491832 2.178154 370994.0 323420.0 475882.0 839424.0 1120418.0 344004.0
20 3 0.984339 1.40482 1.716923 2.939463 1.394432 1.733374 175832.0 458164.0 916102.0 681418.0 763972.0 758756.0
50 3 1.739756 1.796073 2.768031 4.508142 4.895538 10.419955 205378.0 167884.0 379206.0 590372.0 724492.0 1334470.0
100 3 1.654848 1.464899 1.883462 2.484697 2.577026 2.453529 242696.0 298360.0 566790.0 752464.0 1015362.0 1254326.0
200 3 1.891998 1.995872 6.216099 7.971419 13.169175 18.155688 230120.0 181278.0 336748.0 387706.0 573968.0 962488.0
0 5 1.627173 1.364341 1.745116 2.248749 2.921177 2.461091 215754.0 270602.0 295024.0 270460.0 1046338.0 1035100.0
20 5 1.560095 1.604698 2.412008 3.53084 3.60257 9.339886 178726.0 234438.0 411402.0 656732.0 847394.0 1843346.0
50 5 1.374751 1.762233 2.26523 2.589889 2.458862 2.540663 141722.0 391410.0 691932.0 842264.0 1007314.0 1318648.0
100 5 1.871789 2.028394 4.691626 6.955834 9.759887 16.59469 181066.0 254096.0 315798.0 445820.0 610846.0 1041198.0
200 5 1.609478 1.950754 1.921173 2.675572 2.499327 2.36026 236098.0 346264.0 522276.0 832700.0 842548.0 1191250.0
0 0 1.51603 1.283991 1.311956 2.586711 2.219857 2.290823 448244.0 408064.0 462366.0 1575620.0 1786290.0 1792672.0
20 0 0.987509 1.718138 1.312021 1.943724 1.9698 2.068915 227234.0 837858.0 1005896.0 1331814.0 1674650.0 1726198.0
50 0 1.139436 1.303635 1.591979 2.207839 2.295932 2.01871 494532.0 846672.0 1150238.0 1419110.0 1806392.0 2064912.0
100 0 0.908795 1.389725 1.3929 2.062192 2.469231 2.108309 133640.0 745680.0 1387810.0 1190904.0 2230010.0 1935964.0
200 0 1.440314 1.616481 1.648115 2.756317 2.5415 2.339471 372952.0 605910.0 904112.0 1653538.0 1732472.0 1382660.0
0 3 0.899315 1.906339 1.214635 2.24701 2.103751 2.406194 166974.0 644934.0 598882.0 1280392.0 1557336.0 2013176.0
20 3 1.636179 1.680806 1.799677 3.872597 2.523801 6.080367 186516.0 147114.0 253478.0 660194.0 485862.0 826370.0
50 3 1.562613 1.356193 2.050765 2.973251 2.643411 2.746254 228948.0 322296.0 537722.0 1082174.0 1229014.0 1407048.0
100 3 1.556287 2.120375 2.031884 5.92786 8.644243 4.356904 179444.0 207906.0 121164.0 445216.0 683714.0 797940.0
200 3 1.625075 1.406804 1.700689 2.7201 2.793751 2.448918 92038.0 254562.0 267934.0 877722.0 1190578.0 1307120.0
0 5 1.147906 1.647228 2.180393 3.254995 2.991583 4.106267 295390.0 255844.0 646346.0 750608.0 912948.0 877282.0
20 5 1.250047 1.647924 1.736309 2.444842 2.364815 2.140938 169274.0 505980.0 543816.0 745266.0 1489940.0 1420144.0
50 5 1.699909 1.556089 4.764246 4.704024 5.595109 11.400366 176982.0 131538.0 312700.0 475068.0 653782.0 1238768.0
100 5 1.604003 1.829395 2.382216 2.720341 5.57165 2.695284 223954.0 321332.0 419220.0 611954.0 1399412.0 817032.0
200 5 2.364222 2.396271 5.820218 10.888031 4.275781 23.304129 168794.0 141146.0 308082.0 396934.0 108758.0 884240.0
0 0 1.788147 1.719045 1.901033 2.820338 2.527002 2.345273 229188.0 295334.0 597440.0 836612.0 980944.0 1258160.0
20 0 1.615922 1.27534 1.343723 2.53205 2.156007 2.113913 391162.0 569378.0 721782.0 1664126.0 1501528.0 1439166.0
50 0 0.90075 1.778377 1.189439 2.233259 1.706607 3.372281 199888.0 645744.0 475546.0 1575178.0 1106098.0 1660336.0
100 0 1.751808 2.007832 1.37998 2.331526 2.224012 2.181588 473154.0 655886.0 1144628.0 1289424.0 1982430.0 1820198.0
200 0 1.156086 1.749799 3.327426 2.386888 2.252233 2.106051 162182.0 815154.0 1038428.0 1748674.0 2247902.0 1809462.0
0 3 1.615872 1.771892 2.05193 3.388293 2.698584 2.552909 388832.0 274240.0 546272.0 648894.0 1130390.0 1346920.0
20 3 0.997669 1.747227 1.662008 2.231813 2.273047 3.540617 234794.0 655448.0 880366.0 1314032.0 1848304.0 2084362.0
50 3 1.767897 2.023999 2.956081 4.147474 4.304131 10.295982 173632.0 214878.0 350368.0 545472.0 735394.0 1202690.0
100 3 0.920307 1.983091 1.766013 2.873896 3.066341 2.583526 59950.0 282654.0 279358.0 588096.0 970238.0 1303574.0
200 3 2.4198 1.892035 4.959566 12.495028 6.268067 15.011972 173158.0 148216.0 296364.0 743432.0 739254.0 1156042.0
0 5 1.654198 1.387654 1.993062 2.767734 2.822124 2.442046 215748.0 243986.0 491564.0 759506.0 1177682.0 1197382.0
20 5 1.659843 1.836149 2.787921 3.673169 3.844765 4.634637 190194.0 160398.0 328896.0 634912.0 715494.0 762186.0
50 5 1.527939 1.86933 2.046337 2.579945 3.032487 2.333412 236816.0 367008.0 513866.0 860242.0 1154404.0 1172316.0
100 5 2.699953 1.960234 3.727975 6.831549 8.059918 5.864186 182756.0 212902.0 326380.0 486052.0 593588.0 456484.0
200 5 1.625006 1.450666 1.932084 2.093994 2.918319 2.771534 187012.0 261028.0 440574.0 395206.0 968582.0 1259202.0
0 0 1.267867 1.715717 1.538962 1.979672 2.244787 2.158078 384182.0 625204.0 914320.0 443948.0 1614298.0 1248736.0
20 0 1.102149 1.344314 1.760328 2.031173 2.259453 2.369818 429436.0 561500.0 1204324.0 578328.0 1766334.0 1273018.0
50 0 1.663854 1.279994 1.407959 2.453781 2.146823 2.307983 582284.0 665140.0 868382.0 1592462.0 1648488.0 1382706.0
100 0 1.220182 1.342204 1.582826 2.170771 2.251828 2.171371 233242.0 725418.0 939080.0 1393864.0 1915614.0 1880116.0
200 0 1.203622 1.943871 1.727299 2.693398 2.585636 3.447273 337992.0 514094.0 870300.0 1585446.0 1653264.0 1192866.0
0 3 0.953017 2.99847 1.594016 2.071817 1.962382 2.776593 163210.0 910978.0 476380.0 1056300.0 1032254.0 2197156.0
20 3 1.696001 2.108067 2.384046 2.011892 1.843926 4.164473 240006.0 276662.0 334960.0 219126.0 209442.0 890694.0
50 3 1.468893 1.794534 2.406762 2.637931 1.80442 2.873889 150570.0 517374.0 561462.0 813338.0 556608.0 1708420.0
100 3 2.115807 1.951762 3.760031 6.379874 11.0221 14.839954 168038.0 134850.0 304010.0 470750.0 691206.0 1067180.0
200 3 1.491932 1.661705 1.605983 3.005997 2.729758 2.561855 112578.0 224328.0 360920.0 882462.0 1099056.0 1190828.0
0 5 1.139342 1.528025 1.607973 3.479898 3.892258 3.069047 245924.0 231308.0 207864.0 703798.0 882484.0 989490.0
20 5 1.082949 1.763323 1.74367 3.184372 2.514458 2.420533 170488.0 514034.0 715798.0 1238602.0 1178146.0 1329550.0
50 5 1.691872 1.663997 3.412113 4.728121 9.320728 11.823951 175218.0 139756.0 383766.0 527542.0 972488.0 1474412.0
100 5 1.155304 1.608946 1.997414 3.120525 2.586245 2.586666 126928.0 257686.0 522882.0 712294.0 1215552.0 1351066.0
200 5 2.85611 3.192412 3.592023 5.483331 8.511904 23.295587 187710.0 124552.0 413752.0 641464.0 782412.0 1155474.0
0 0 1.687663 1.465814 2.403091 3.154005 2.979486 2.669179 166340.0 276600.0 429820.0 542038.0 1195660.0 1441680.0
20 0 1.264204 1.72401 1.495925 2.415496 2.142038 2.420382 486060.0 797356.0 1279864.0 1758822.0 2003090.0 1739684.0
50 0 1.103234 1.575298 1.732851 2.541809 2.200262 2.093519 246850.0 815190.0 1512698.0 1719726.0 1637314.0 2144844.0
100 0 1.571862 1.320108 1.471864 2.480155 2.127605 2.113901 602406.0 467816.0 1248834.0 2224726.0 2226232.0 2309088.0
200 0 1.362638 1.565366 1.297573 2.170714 1.793345 1.999355 251222.0 904730.0 1316124.0 1601368.0 2196866.0 2383928.0
0 3 1.448055 1.704304 2.168141 2.708214 2.42743 2.814582 268342.0 240882.0 381544.0 680038.0 1284842.0 1087970.0
20 3 1.218754 1.406182 1.762976 3.047152 2.971762 2.109477 132762.0 395326.0 459758.0 995354.0 1108138.0 1383408.0
50 3 1.500237 1.651971 2.772229 4.340093 4.55175 5.896288 174110.0 123806.0 320090.0 570546.0 710186.0 809942.0
100 3 1.533323 1.586704 1.773712 2.696724 2.497288 2.663166 215696.0 294388.0 463756.0 754882.0 1141266.0 1603384.0
200 3 1.865294 1.895985 4.107393 7.242201 3.153069 13.255397 153062.0 234870.0 389790.0 525950.0 187422.0 1358924.0
0 5 1.327582 1.747252 2.105458 2.742863 2.710693 2.610033 102462.0 302684.0 480496.0 587478.0 1059734.0 1168084.0
20 5 1.508235 1.815965 3.075712 3.555191 1.684076 4.242579 188140.0 192964.0 332378.0 631308.0 270990.0 853022.0
50 5 1.51802 1.507712 2.609676 2.648581 2.702112 2.453306 239592.0 324576.0 421038.0 922622.0 993698.0 1033818.0
100 5 1.908128 1.867989 2.187962 5.5476 2.734722 5.396032 176774.0 213800.0 203600.0 475022.0 232632.0 408412.0
200 5 1.421281 1.828239 1.952926 2.829249 2.765427 2.419986 115386.0 280022.0 543076.0 793864.0 1213338.0 1279204.0
0 0 1.831422 1.631192 1.519845 2.424021 2.055267 2.100933 379828.0 621520.0 664864.0 1581788.0 1542200.0 1534026.0
20 0 0.926515 1.669802 1.875197 1.900923 2.236994 2.873779 239694.0 743630.0 1307456.0 1336568.0 1538166.0 2554450.0
50 0 1.27215 1.216187 1.33984 2.157733 2.137194 1.593653 467234.0 789404.0 1196266.0 1619532.0 1854006.0 1435118.0
100 0 0.921975 1.34185 1.748786 2.269579 2.102596 2.029071 227690.0 920600.0 1378714.0 1584542.0 2008632.0 1675486.0
200 0 1.648291 1.492089 1.651862 2.843991 2.177855 2.172917 368754.0 777266.0 603664.0 1501420.0 1557356.0 1162834.0
0 3 1.046927 1.233596 1.654901 2.280852 2.20104 2.199413 216016.0 354904.0 1276646.0 1621624.0 1827380.0 1929244.0
20 3 1.316003 1.580175 2.320535 2.962825 3.319905 3.538055 213844.0 202896.0 409728.0 763444.0 993704.0 879004.0
50 3 1.673759 1.667236 1.633031 3.593052 2.36639 2.497824 256522.0 400516.0 651490.0 935686.0 1388038.0 1460492.0
100 3 1.727841 2.171876 3.880053 5.405252 3.100372 15.068806 184586.0 149098.0 297872.0 538908.0 243950.0 1126984.0
200 3 1.64136 1.265382 2.031309 2.719233 1.649245 2.924597 222896.0 233448.0 387652.0 875846.0 621490.0 1151852.0
0 5 1.167415 1.744019 2.037766 2.671525 2.560014 3.384283 218432.0 218708.0 416872.0 754582.0 1210320.0 1063342.0
20 5 1.640941 1.795887 2.002042 3.152776 2.306444 2.625129 192130.0 432460.0 773532.0 874332.0 1065778.0 1517126.0
50 5 3.124124 1.855923 3.432086 4.763787 5.639801 11.319794 225330.0 178738.0 299476.0 513208.0 646020.0 1224266.0
100 5 1.656353 1.702773 1.997218 2.67723 3.107478 2.431856 220374.0 281256.0 403792.0 691462.0 1323966.0 1179498.0
200 5 1.839892 2.640215 4.304459 8.343421 12.095863 6.500272 178454.0 148746.0 366198.0 395842.0 699526.0 294960.0
0 0 1.577178 1.579186 1.932913 3.318321 3.014565 2.362382 184066.0 269586.0 494926.0 444856.0 1098712.0 1178534.0
20 0 1.151974 1.647531 1.610899 2.579997 1.419915 2.153771 358138.0 358136.0 911136.0 1670790.0 829004.0 1245636.0
50 0 1.310339 1.796451 1.622087 2.522802 2.213341 2.08859 207406.0 757196.0 979868.0 1456220.0 1773824.0 1290322.0
100 0 1.488065 1.420198 1.615861 2.570497 2.11745 2.24099 524712.0 690828.0 1160804.0 1835826.0 1847592.0 2136008.0
200 0 1.001838 1.364646 1.901635 1.92397 2.077796 1.988012 250236.0 780374.0 1408848.0 1110530.0 1859320.0 1836132.0
0 3 1.656188 1.636032 2.043805 2.716016 3.500085 2.70484 357450.0 609532.0 932020.0 754856.0 787346.0 779654.0
20 3 1.273052 1.36764 1.936712 2.967329 2.424769 2.281091 124698.0 402770.0 543714.0 997560.0 1491040.0 1606624.0
50 3 1.864158 1.760125 1.671363 3.971769 5.235805 10.967899 190264.0 184664.0 166096.0 500238.0 745244.0 1389078.0
100 3 1.57781 1.467265 1.532221 2.633601 2.518327 2.719582 182462.0 296808.0 347022.0 855390.0 1158196.0 1501926.0
200 3 2.07591 2.286155 1.926273 6.775945 10.859262 16.103691 178838.0 185576.0 192226.0 521276.0 649562.0 1068888.0
0 5 2.875003 1.840825 1.30016 3.012691 3.368399 2.550747 179418.0 241240.0 141962.0 867884.0 955280.0 1133770.0
20 5 1.663981 1.504081 1.240259 3.760118 3.916197 4.64009 209382.0 195512.0 191326.0 599546.0 821714.0 883034.0
50 5 1.516218 1.390709 1.761357 2.762666 2.484731 5.152221 219410.0 266546.0 538790.0 990914.0 1200214.0 1591800.0
100 5 1.583987 1.936235 4.216055 6.275418 8.29596 6.308027 210980.0 205864.0 295982.0 619258.0 649008.0 364054.0
200 5 1.551576 1.669014 2.327323 2.608771 2.685065 2.653325 115800.0 259524.0 445828.0 824324.0 1011946.0 1059554.0
0 0 1.567945 1.55595 1.400369 2.37518 2.153216 2.129307 483988.0 566114.0 1107030.0 1748688.0 1829548.0 1887986.0
20 0 0.976965 1.317356 1.592027 1.971714 2.259968 2.181622 337494.0 618898.0 1165626.0 1288278.0 2181268.0 1765222.0
50 0 1.088033 1.356036 2.703979 2.603079 2.11181 1.99607 576232.0 881364.0 1313712.0 1788700.0 2053060.0 1724554.0
100 0 1.14063 1.194892 1.186194 1.84749 1.999044 1.979223 338334.0 802686.0 1299002.0 1881564.0 1947020.0 1702990.0
200 0 1.28403 1.476023 1.791895 2.699967 2.711837 2.543753 359068.0 708504.0 858570.0 1794576.0 1783860.0 1556600.0
0 3 1.062665 1.497745 1.38999 2.654369 1.658555 2.109245 228354.0 599270.0 1079788.0 1677414.0 1012966.0 1796210.0
20 3 1.484197 1.404124 2.140499 3.207491 4.003447 5.771942 300824.0 156762.0 434806.0 783332.0 734774.0 928516.0
50 3 1.687135 1.560433 1.748447 2.605545 2.344461 2.430623 225376.0 291036.0 642616.0 1038016.0 1011346.0 1526792.0
100 3 1.836224 1.868088 3.327539 6.036009 5.151949 12.959257 230400.0 149250.0 382000.0 495796.0 733154.0 1264344.0
200 3 0.928247 1.406673 1.843435 2.4567 2.331565 2.138969 337746.0 1123258.0 1454830.0 2211100.0 2707170.0 3783180.0
0 5 1.455852 1.383966 2.164235 2.792156 2.705072 5.20017 209960.0 355924.0 467866.0 754084.0 960140.0 1461998.0
20 5 0.997779 1.65083 1.887734 2.067241 2.435736 2.201991 149390.0 546640.0 743966.0 1107854.0 1791332.0 1593178.0
50 5 1.612269 1.860032 3.132013 4.407896 6.75539 12.083921 186090.0 152644.0 334694.0 573112.0 736874.0 1500688.0
100 5 1.797116 1.637857 2.138716 3.059771 2.564666 2.40563 260532.0 190140.0 641518.0 650202.0 1330646.0 1173108.0
200 5 1.851312 2.444274 2.543847 9.651869 14.987276 23.35551 170918.0 120774.0 125220.0 436852.0 570494.0 1003462.0
