0 0 1.031976 1.45995 1.460001 2.007933 1.736304 3.151459 1.516263 1513704.0 1598060.0 2400052.0 3470230.0 3669562.0 3929644.0 2698056.0
0 0 1.12471 1.216039 1.311373 1.842962 1.377025 2.543562 1.056015 321770.0 1588134.0 1606234.0 2105876.0 2948464.0 4357778.0 1560462.0
0 0 1.112003 1.42017 1.499921 2.051419 1.496424 2.866737 1.65996 1555200.0 2111794.0 2471514.0 3524410.0 2655762.0 3908266.0 2339932.0
0 0 1.999839 2148054.0
0 0 1.195795 1527812.0
0 0 1.183739 1249864.0
0 0 1.172129 1177104.0
0 0 1.061894 1332864.0
0 0 25.291297 4630428.0
0 0 24.629996 5244766.0
