0 0 4.907918 5.099398 5.617497 6.460019 6.320073 9.055563 1292668.0 1651518.0 2373548.0 2854330.0 3659480.0 2677492.0
20 0 3.864191 4.999872 5.702911 6.540701 5.617694 9.173926 250818.0 1993892.0 1950568.0 3149062.0 2303176.0 5746336.0
50 0 4.707712 5.316069 5.33875 5.939867 5.964084 9.579814 1161546.0 1735334.0 2039098.0 2436196.0 3279446.0 4436984.0
100 0 3.390382 5.471254 6.324389 6.192946 6.021998 7.217888 168826.0 1900054.0 2553980.0 2605284.0 3737036.0 4505356.0
200 0 4.215474 5.300161 5.149364 6.030299 5.930751 9.823943 655498.0 1343638.0 1478268.0 2291252.0 1784944.0 4221498.0
0 3 3.708197 4.899843 5.662999 5.749413 6.268529 9.104841 242288.0 1299698.0 2041992.0 2286082.0 3667644.0 5499298.0
20 3 3.514135 3.341621 5.192198 6.152018 9.09612 8.060704 250588.0 225122.0 481922.0 780748.0 1370952.0 751984.0
50 3 3.291728 4.412047 5.297991 5.515037 6.133699 10.275152 149250.0 403184.0 713506.0 1033678.0 1398154.0 2136144.0
100 3 4.232239 4.331615 6.254142 8.108682 9.102274 16.337825 227930.0 169086.0 300838.0 481866.0 579772.0 1051516.0
200 3 2.645756 3.628027 5.260865 5.48361 5.496135 10.175972 68756.0 267916.0 642788.0 840112.0 1069256.0 2386418.0
0 5 4.21176 3.623987 5.140721 5.167132 6.065032 7.967836 367988.0 287564.0 426640.0 774044.0 966346.0 1142548.0
20 5 3.484137 4.436668 5.171882 5.951746 5.819622 6.088621 296166.0 628082.0 1081144.0 1330646.0 1385552.0 2156720.0
50 5 3.867735 3.855824 7.819847 7.716129 5.840684 13.574915 184040.0 126812.0 504452.0 593196.0 705318.0 1221842.0
100 5 2.546752 3.905179 4.639318 6.288358 6.170061 10.17112 57966.0 298506.0 503556.0 841836.0 1137852.0 2257710.0
200 5 2.51872 4.463179 6.395625 9.501435 10.448741 9.194294 187974.0 249772.0 378896.0 478166.0 838980.0 748022.0
0 0 3.312232 4.242562 5.144235 6.030105 5.915114 10.814685 160662.0 278370.0 498064.0 888468.0 1124508.0 2204024.0
20 0 4.147777 4.110767 4.946964 5.851915 5.691185 7.62728 568538.0 698750.0 1199806.0 1816190.0 1928442.0 1952412.0
50 0 3.676979 4.78576 5.011862 5.559123 5.420549 6.335419 225046.0 730926.0 1222422.0 1304078.0 1407140.0 1980146.0
100 0 4.959129 4.719603 4.683593 6.483891 5.622886 10.22516 628110.0 1026768.0 972452.0 2014884.0 1662986.0 3373928.0
200 0 4.177915 6.217882 5.11224 6.016571 5.895731 6.806207 456630.0 1038844.0 1054470.0 2359604.0 2055016.0 2167530.0
0 3 4.010334 4.083516 5.044145 5.926764 6.850847 7.879733 421990.0 498166.0 830900.0 648888.0 962968.0 1543280.0
20 3 3.234414 4.171158 4.264502 6.092803 5.893041 6.802018 192928.0 725208.0 483442.0 1059808.0 1858858.0 1849082.0
50 3 3.987975 4.080432 5.100037 6.307846 7.018273 13.171465 203238.0 177294.0 375600.0 603832.0 730736.0 1456894.0
100 3 2.343563 4.092546 4.982301 5.888032 5.80089 9.769684 53056.0 280128.0 530968.0 798354.0 1065482.0 1959860.0
200 3 4.14294 4.244016 4.179846 9.292626 14.128702 8.11926 183740.0 222272.0 163064.0 402530.0 606042.0 913372.0
0 5 3.951276 3.982653 3.856602 5.816208 4.727154 6.632163 198466.0 259014.0 325748.0 811300.0 658818.0 1174140.0
20 5 3.888089 3.103985 4.944677 5.179404 6.277668 12.143784 202778.0 120462.0 400188.0 593058.0 800412.0 1753710.0
50 5 2.958899 4.078983 5.031262 5.989418 8.89228 6.82795 68676.0 303936.0 562354.0 1077152.0 1645490.0 1339818.0
100 5 3.288072 3.416409 6.184162 9.339344 10.031996 17.970014 184964.0 131038.0 253258.0 477604.0 562634.0 1044008.0
200 5 3.890374 3.992222 4.865823 5.770101 5.795414 6.575251 220370.0 283038.0 518144.0 837208.0 1115506.0 990406.0
0 0 3.755939 4.216221 4.66027 5.836047 5.550179 6.708451 277470.0 616942.0 671200.0 1399664.0 1489294.0 1216388.0
20 0 3.558711 4.641077 5.487629 6.37986 6.278746 6.264395 243420.0 793818.0 1280630.0 1765078.0 1459716.0 1857108.0
50 0 4.561634 4.629356 4.538729 5.510694 5.465496 10.359378 560734.0 691126.0 914028.0 1603752.0 1636852.0 2726924.0
100 0 4.368353 4.501767 6.595433 6.300537 5.515069 8.186962 585798.0 515336.0 1057848.0 1950454.0 1853318.0 2185762.0
200 0 4.485436 4.567521 4.811827 6.420046 5.619492 7.235818 417124.0 728362.0 994702.0 1537258.0 1337544.0 778874.0
0 3 4.166972 4.252012 4.436948 6.098526 5.991503 3.873819 245632.0 347040.0 612750.0 1157940.0 1229564.0 471876.0
20 3 4.143954 3.24472 3.331999 6.131863 6.459534 11.182798 333990.0 178208.0 406382.0 697504.0 789304.0 1577924.0
50 3 4.32755 4.444389 4.45324 5.499976 5.623523 7.129471 290416.0 376270.0 447356.0 986212.0 1323028.0 1418648.0
100 3 3.675957 2.588036 5.596118 7.383728 9.306402 14.340061 244366.0 222798.0 321054.0 604464.0 694894.0 1191966.0
200 3 3.75424 4.52512 4.609441 5.781522 6.323799 10.257381 114048.0 331946.0 510976.0 805548.0 1025570.0 2333908.0
0 5 3.379905 3.492363 4.62751 5.419843 3.604251 9.599623 204164.0 187490.0 587550.0 771620.0 968208.0 1765668.0
20 5 3.450446 4.541284 4.464548 5.374626 5.677022 8.147731 166910.0 554188.0 736890.0 1123498.0 1605142.0 1751204.0
50 5 3.611532 3.343921 5.284123 8.244036 8.205681 13.186754 181098.0 126762.0 333418.0 468902.0 617540.0 1344386.0
100 5 2.406328 4.473259 3.557331 5.500485 6.140002 10.200488 49442.0 305342.0 221028.0 760124.0 1061538.0 2486882.0
200 5 4.401348 3.072019 4.47959 7.655429 10.415905 23.382746 186554.0 120950.0 115846.0 633198.0 766656.0 1044942.0
0 0 2.624859 3.77378 4.742396 5.717281 5.698117 9.236308 102410.0 306566.0 601888.0 912820.0 1178470.0 1952552.0
20 0 4.420324 4.509634 5.759844 5.444256 6.282425 7.18032 465012.0 618042.0 1368442.0 1461106.0 1890184.0 1920676.0
50 0 2.121346 4.421019 4.453266 5.365231 5.931565 7.196753 40856.0 850886.0 646104.0 1248530.0 1757276.0 1502274.0
100 0 4.11832 4.340205 5.05215 6.016093 9.914496 10.262968 561256.0 734944.0 845528.0 1822170.0 2566028.0 2839886.0
200 0 3.187615 5.018574 5.008067 5.793454 5.705405 6.650992 186922.0 984768.0 1346840.0 1521044.0 2074298.0 2152292.0
0 3 3.859254 3.968856 4.955759 5.95307 5.996029 6.787824 230936.0 191502.0 439700.0 927088.0 1016066.0 1309348.0
20 3 3.129142 4.092836 4.870796 6.577377 4.714408 6.398319 210188.0 560658.0 906770.0 1497134.0 1010458.0 1295788.0
50 3 4.563966 3.630952 5.558068 6.568772 6.66262 11.560318 264188.0 138720.0 404476.0 591350.0 847956.0 1541722.0
100 3 3.765767 5.713184 4.62111 5.504223 6.380872 9.468931 241016.0 395986.0 501716.0 760084.0 936126.0 1814634.0
200 3 3.706417 3.731973 5.636198 9.631911 10.615437 23.288461 165472.0 170636.0 408508.0 426096.0 671572.0 1171350.0
0 5 3.640946 3.655665 4.540694 5.638529 6.327979 7.265533 187260.0 223862.0 342416.0 820926.0 1131026.0 1364346.0
20 5 4.499922 3.555939 4.743854 5.647606 5.723923 12.521356 235522.0 153928.0 368942.0 597812.0 594044.0 1757444.0
50 5 3.667329 3.79166 4.727165 5.618602 5.549107 6.570969 203320.0 341702.0 567592.0 664500.0 1119318.0 1216852.0
100 5 3.953651 4.018771 5.957302 8.230048 10.923713 17.192869 166346.0 166560.0 336644.0 449702.0 570650.0 983774.0
200 5 3.925337 4.022668 5.170547 4.218037 5.808623 5.70248 236836.0 277248.0 591336.0 425690.0 1067120.0 1221542.0
0 0 4.002808 3.748156 4.852947 5.776001 5.797114 7.322883 493200.0 331138.0 590442.0 1516050.0 1660748.0 1621800.0
20 0 3.259893 4.602817 4.205031 6.111462 8.116055 6.923387 175980.0 844962.0 684814.0 1660830.0 2281872.0 2003922.0
50 0 4.132614 4.547787 5.136005 6.019759 5.923464 7.895874 548478.0 787502.0 1328340.0 1989290.0 1935246.0 2255358.0
100 0 3.265545 4.342084 5.287266 5.860387 5.761865 6.644977 220506.0 994124.0 1641956.0 1769860.0 1858742.0 1963580.0
200 0 4.260183 5.110891 5.087916 5.991505 6.029924 8.951406 753148.0 1005286.0 716764.0 1555840.0 2697430.0 2563774.0
0 3 2.968609 4.812116 4.927486 5.717777 6.398331 6.277433 150020.0 1254532.0 1228602.0 2748034.0 3626578.0 2356362.0
20 3 3.432787 4.399928 5.291865 6.194605 6.066308 6.897854 207898.0 276570.0 414560.0 670118.0 969704.0 1342740.0
50 3 4.076227 4.166428 6.403049 5.972166 5.970985 6.915353 256070.0 421336.0 685542.0 1229282.0 1487662.0 1219368.0
100 3 4.107893 3.20811 5.196723 11.168833 7.248153 14.970909 189016.0 135912.0 389442.0 813232.0 760274.0 1168914.0
200 3 4.060793 4.159618 4.984347 5.918402 5.88028 9.82513 231572.0 339098.0 525246.0 763676.0 1042364.0 1927096.0
0 5 4.023849 4.10677 4.955955 5.967948 6.160304 7.056 243558.0 303934.0 585830.0 811694.0 841794.0 1051558.0
20 5 3.000126 4.224703 4.866456 5.791941 5.728296 6.603784 150826.0 608212.0 843782.0 1009458.0 1706848.0 1581874.0
50 5 3.854529 3.192157 5.092515 7.795913 4.004167 13.82766 179068.0 144920.0 305206.0 547180.0 215720.0 1320312.0
100 5 3.07846 3.328377 5.033257 5.877472 5.825081 6.702376 138718.0 254030.0 602392.0 942638.0 1076898.0 1449134.0
200 5 4.388029 4.180062 7.239934 8.179171 9.959684 14.083665 187652.0 120726.0 315490.0 562212.0 801880.0 1482976.0
0 0 3.265653 3.996359 4.941282 5.92107 5.852928 10.711191 188648.0 361386.0 553816.0 973240.0 1214994.0 2922520.0
20 0 3.869227 4.919946 4.944154 5.792004 5.686463 6.583827 465984.0 820256.0 1088598.0 1453400.0 1890458.0 2041198.0
50 0 3.608747 4.725324 5.62412 6.478734 6.36738 7.236114 197876.0 787338.0 1486832.0 2050986.0 2253720.0 1965092.0
100 0 4.593444 4.643981 5.437081 5.527793 6.235498 10.126365 584610.0 478980.0 1256602.0 1515618.0 1863440.0 3060400.0
200 0 3.223005 4.627218 4.495293 6.093624 5.991075 8.979921 161114.0 1019280.0 733348.0 1789028.0 2058580.0 2648724.0
0 3 4.007947 4.071707 5.056011 5.911116 5.882284 6.799363 434434.0 292836.0 687698.0 922584.0 1255068.0 1085148.0
20 3 3.874567 3.977906 4.828968 5.705558 5.72702 6.500817 233580.0 450622.0 541676.0 1030160.0 1484748.0 1639614.0
50 3 3.692763 3.739985 4.732413 6.715441 10.757873 12.547928 185484.0 180308.0 352128.0 437042.0 1200630.0 1420138.0
100 3 3.683914 3.787951 4.795226 5.792033 5.906195 10.537149 191636.0 301342.0 583584.0 931848.0 1166632.0 2185792.0
200 3 3.96456 4.070822 6.073304 7.043843 10.033141 15.071898 226148.0 231882.0 335192.0 583170.0 718248.0 1440684.0
0 5 3.840643 3.984187 4.960479 4.26403 6.05144 10.613885 166552.0 293002.0 580880.0 409622.0 1301346.0 2124960.0
20 5 3.840228 3.241519 4.800028 5.948905 6.748065 7.736816 205400.0 154560.0 377632.0 629546.0 885006.0 895174.0
50 5 2.803398 4.964463 4.917358 5.805612 5.724056 6.633812 129944.0 363270.0 528674.0 945412.0 1211684.0 1136554.0
100 5 3.140047 3.931992 4.919469 8.791474 7.895785 7.675009 137266.0 133840.0 270240.0 520794.0 735104.0 345474.0
200 5 2.922022 3.922145 4.759133 4.674113 5.694468 6.640106 117442.0 356042.0 579534.0 432968.0 933834.0 1370178.0
0 0 3.667414 3.824005 4.790446 6.515802 5.62762 7.327985 298542.0 340656.0 983924.0 1586874.0 1521092.0 1327416.0
20 0 3.409917 4.609527 4.701531 6.306574 6.179104 10.384702 193014.0 908566.0 1063510.0 1388962.0 1558932.0 3045910.0
50 0 4.243688 4.444026 5.208552 6.155829 6.030825 7.051889 508094.0 900038.0 1020232.0 1725650.0 1704498.0 1853018.0
100 0 3.114518 4.37081 5.018205 5.311321 5.870721 10.737062 184100.0 755980.0 1083980.0 1270906.0 1518514.0 3335470.0
200 0 4.19792 4.383634 5.025704 5.926322 5.827181 10.702371 549276.0 775370.0 1077054.0 1075612.0 2364170.0 2769036.0
0 3 3.644785 4.708071 5.559254 5.44552 7.264789 6.48838 210228.0 866518.0 1426526.0 1079592.0 2647696.0 2195130.0
20 3 3.479949 3.601764 4.677744 5.39591 4.40828 7.326947 219134.0 207424.0 411646.0 1144720.0 518472.0 994000.0
50 3 3.291843 4.383536 5.310438 6.205263 5.554247 10.116389 130426.0 391234.0 803648.0 923326.0 1390978.0 2232794.0
100 3 3.539855 3.323914 5.443994 7.541405 10.289299 15.349895 197492.0 141616.0 278936.0 506892.0 674624.0 1197204.0
200 3 3.399971 4.512274 4.608121 5.698271 5.650499 10.244953 158522.0 346058.0 528818.0 943026.0 1238474.0 2463352.0
0 5 3.439972 3.611924 4.685648 6.2601 6.211536 4.203069 276068.0 291106.0 524970.0 985052.0 957730.0 1121706.0
20 5 3.368715 4.440454 4.639616 5.29681 6.142648 6.358801 195970.0 516530.0 769516.0 766136.0 1444706.0 1652894.0
50 5 4.275941 3.767991 5.266005 7.31144 8.230134 13.221202 184102.0 228476.0 319268.0 558034.0 678528.0 1275984.0
100 5 3.499936 3.558201 4.623524 6.20449 6.100475 9.038226 199444.0 242224.0 494026.0 901476.0 1106654.0 1831344.0
200 5 4.448718 4.515971 3.431907 9.33738 4.548055 17.397151 187346.0 185692.0 127840.0 578106.0 261632.0 1234330.0
0 0 3.080982 4.143652 5.080894 5.989063 5.905451 9.13824 100910.0 285298.0 470784.0 891462.0 1092094.0 1512176.0
20 0 4.112097 4.18806 5.043961 6.008305 5.840208 6.795909 474094.0 389314.0 958472.0 1663574.0 1510810.0 1426068.0
50 0 3.711357 4.856286 4.763593 5.983173 5.875059 6.796936 219880.0 785260.0 707204.0 1765276.0 1849676.0 2490080.0
100 0 3.97988 4.263787 5.056049 6.036347 5.739961 6.751932 473598.0 724332.0 1301150.0 1958934.0 2160106.0 2149214.0
200 0 3.477385 4.58471 5.503079 6.33793 5.494402 7.286326 266764.0 818982.0 1305066.0 1879940.0 2000428.0 2708434.0
0 3 3.552144 4.355958 4.312393 5.65205 6.095998 10.235597 462458.0 412210.0 601588.0 658668.0 892476.0 1871028.0
20 3 3.145735 4.546403 5.309499 5.954754 5.841764 10.57132 216818.0 954178.0 1910602.0 2076408.0 2342994.0 4250536.0
50 3 3.739999 3.769811 5.688058 11.70807 6.926553 15.555977 273956.0 194618.0 354934.0 843958.0 751832.0 1568382.0
100 3 3.611529 4.051492 4.76478 6.430205 5.734869 7.27267 217026.0 357282.0 645614.0 1095754.0 1265034.0 1563220.0
200 3 3.887977 3.861268 5.623949 8.573064 9.663362 7.484236 182100.0 165976.0 427942.0 497040.0 737702.0 401678.0
0 5 3.672043 3.702161 4.824718 5.813831 5.717314 7.402926 234936.0 272418.0 556816.0 887488.0 1191186.0 1302024.0
20 5 2.975845 3.68644 3.628078 5.725889 8.479943 7.463028 198726.0 147094.0 169020.0 582940.0 1289758.0 1004380.0
50 5 3.53554 3.687714 4.52081 5.460534 5.595895 7.565995 122286.0 331222.0 667776.0 1017240.0 1205012.0 1628186.0
100 5 3.488188 3.455962 7.593742 8.60782 10.185447 18.375355 153308.0 102294.0 303674.0 475066.0 569880.0 1031616.0
200 5 4.168124 3.426046 5.212828 6.123223 6.058846 10.995984 208964.0 231314.0 501676.0 835576.0 1095812.0 2171052.0
0 0 4.148464 4.284031 4.342517 6.031901 5.855545 6.827906 414332.0 678290.0 591340.0 1729422.0 1678730.0 1697232.0
20 0 3.880182 4.344307 5.045521 5.805982 5.826056 6.931495 183200.0 853742.0 1263898.0 1848926.0 1974270.0 1377230.0
50 0 4.039429 4.230941 6.172069 5.787895 5.657169 10.650236 606052.0 721522.0 1742542.0 1109056.0 1725964.0 2770696.0
100 0 3.598241 4.691699 5.536923 7.676292 5.562199 6.557539 237066.0 910062.0 1795490.0 1977628.0 1804802.0 2574474.0
200 0 4.554113 3.952214 4.81953 6.521572 5.855155 6.649627 431802.0 534428.0 906294.0 1576594.0 1546170.0 1914020.0
0 3 3.250218 4.285798 4.255798 6.165587 6.014392 6.89785 220732.0 773800.0 486178.0 1769096.0 1992252.0 2015798.0
20 3 4.101757 4.176094 5.0879 6.045665 6.063991 7.967734 322252.0 276922.0 420254.0 604118.0 759240.0 960344.0
50 3 4.069022 3.495323 5.06262 4.953234 6.16893 6.683752 305556.0 274026.0 650296.0 612210.0 1105576.0 986654.0
100 3 4.007777 3.175437 6.867661 7.939488 9.871996 14.755465 177594.0 119400.0 308210.0 518226.0 659656.0 1296832.0
200 3 3.867807 4.175713 4.831236 5.746347 5.665019 6.865196 247078.0 339294.0 544128.0 788878.0 1154584.0 1189464.0
0 5 2.783709 3.023937 4.804143 3.812146 4.780366 10.657881 358912.0 310268.0 537016.0 1119768.0 767764.0 1869774.0
20 5 3.156508 4.261287 4.843694 5.702825 5.632063 6.582939 189920.0 578286.0 814106.0 1156686.0 1158414.0 1669690.0
50 5 3.799321 3.871945 3.096305 7.675269 8.581998 13.597339 209804.0 164708.0 102234.0 533028.0 688166.0 1297572.0
100 5 3.644411 3.769667 4.710171 5.886261 6.5041 10.369098 184578.0 213512.0 566118.0 700316.0 1049810.0 2061788.0
200 5 3.784235 3.968097 5.895874 11.703197 17.639215 23.249128 176324.0 134276.0 357354.0 471680.0 670452.0 977512.0
0 0 3.63078 3.875251 3.764763 6.296922 5.186293 10.324139 208382.0 337648.0 349322.0 574626.0 760306.0 1880272.0
20 0 3.731376 4.327992 5.239965 6.175284 6.058645 7.27728 389180.0 379888.0 1003618.0 1515036.0 1567108.0 1700986.0
50 0 3.915664 4.405587 4.908338 5.913111 5.687455 6.61103 235884.0 709154.0 1147482.0 1688196.0 1745702.0 1640532.0
100 0 3.88013 4.921663 5.082958 4.746469 5.706544 7.531869 491650.0 963512.0 1324260.0 683654.0 1868698.0 1835060.0
200 0 3.419139 4.683148 5.42652 6.300841 6.194525 7.128767 183142.0 845874.0 1387482.0 1572548.0 1990206.0 2017788.0
0 3 2.428174 3.535554 5.104028 6.050268 5.943017 9.863411 226496.0 206944.0 390300.0 718298.0 969612.0 1938114.0
20 3 3.296544 4.124798 5.036374 5.950888 5.874725 6.793858 202856.0 491794.0 891986.0 1487396.0 1549606.0 1691954.0
50 3 3.931922 3.251108 3.944876 6.843844 6.984022 13.703988 245724.0 170446.0 208758.0 590228.0 789898.0 1441772.0
100 3 3.937429 3.737496 3.646705 5.566151 6.528944 10.451012 273218.0 286742.0 218484.0 765176.0 1038500.0 1952660.0
200 3 3.627915 3.748255 3.807027 11.624383 10.642496 15.729174 158980.0 200258.0 245884.0 768588.0 569122.0 1364716.0
0 5 3.356822 3.500245 3.604877 6.271213 7.136159 10.296574 117812.0 276344.0 266312.0 766926.0 1108850.0 2416276.0
20 5 3.407905 3.384063 5.3641 6.124761 6.305662 15.033774 197462.0 116046.0 298752.0 651042.0 911600.0 1637808.0
50 5 4.135381 4.261963 4.084442 6.010676 5.983835 6.808586 200696.0 323020.0 267058.0 946764.0 1042570.0 1306546.0
100 5 3.998563 3.179953 6.156185 9.032591 11.267393 17.93154 153908.0 136728.0 320060.0 513276.0 644822.0 1060562.0
200 5 5.053157 4.140869 5.047479 5.955112 4.880862 6.789399 261622.0 254662.0 535422.0 808194.0 555264.0 1353876.0
