0 0 0.7560385 0.9084202 0.8686826 0.9317009 0.9654975 1.0175813 
20 0 0.6414315 0.968057 0.8900386 0.9236306 0.9127329 0.9452789 
50 0 0.7986569 0.9141701 0.9197147 0.9517414 0.9217784 1.0206867 
100 0 0.6460329 0.8718127 0.863287 0.9124758 0.8496867 0.8912629 
200 0 0.6444609 0.8582963 0.8964376 0.8534596 0.8306981 0.8435183 
0 3 0.648025 0.8507364 0.9161641 0.9436711 0.9007149 0.9315576 
20 3 0.7190658 0.801971 0.7924787 0.777966 0.8016661 0.7287928 
50 3 0.6132657 0.8476407 0.8257094 0.8063515 0.8247773 0.8059691 
100 3 0.6431288 0.8094801 0.7911336 0.7339359 0.7861202 0.7392932 
200 3 0.6292841 0.8585562 0.7858946 0.8365397 0.7646268 0.8612029 
0 5 0.7044818 0.8474939 0.8072037 0.8137477 0.8097354 0.8533385 
20 5 0.6460314 0.9052534 0.8076791 0.8689316 0.813027 0.8216094 
50 5 0.7874994 0.7764574 0.8488232 0.8125848 0.7698005 0.8274663 
100 5 0.5876626 0.8691985 0.8506699 0.845597 0.8446191 0.8806987 
200 5 0.6198975 0.8214374 0.8407744 0.8090027 0.7906283 0.8222081 
0 0 0.6169623 0.8272713 0.8440708 0.846206 0.83261 0.8346686 
20 0 0.7451568 0.8671625 0.7926913 0.8140009 0.7890981 0.869632 
50 0 0.6386113 0.8426352 0.8454175 0.8634109 0.8168165 0.8413383 
100 0 0.6770772 0.8804758 0.8432407 0.8802958 0.8690212 0.7930192 
200 0 0.7021118 0.8349362 0.8275176 0.8483841 0.8311703 0.8553499 
0 3 0.6574653 0.8054887 0.81801 0.8414997 0.7303152 0.8272246 
20 3 0.6144725 0.8338138 0.8144706 0.7798685 0.8271414 0.834202 
50 3 0.6534161 0.7669968 0.7335923 0.8231195 0.7969981 0.8609426 
100 3 0.652421 0.83278 0.8347243 0.8133879 0.7746761 0.8317111 
200 3 0.6743723 0.7916218 0.7447877 0.804037 0.7204421 0.8453049 
0 5 0.6978213 0.8618988 0.7705629 0.8126063 0.8415681 0.823937 
20 5 0.5857715 0.8151644 0.8435454 0.7579917 0.7879904 0.8296584 
50 5 0.6223182 0.7850519 0.7734128 0.8338141 0.8042209 0.8242419 
100 5 0.7309331 0.7515588 0.8330916 0.8260154 0.7875092 0.8684803 
200 5 0.6294836 0.8547123 0.8290533 0.8660632 0.8321524 0.8031621 
0 0 0.6462685 0.9095794 0.7990768 0.8477286 0.8295886 0.8339594 
20 0 0.6487305 0.8757093 0.8410925 0.8629905 0.7577212 0.7658173 
50 0 0.6709872 0.8342709 0.7455569 0.8714146 0.8263689 0.8169182 
100 0 0.600924 0.8507414 0.8261351 0.8154254 0.8513248 0.8576034 
200 0 0.687157 0.8370479 0.7942871 0.8183251 0.8209075 0.8002578 
0 3 0.6429415 0.7961239 0.8191218 0.8388476 0.8562063 0.7929055 
20 3 0.6326003 0.781011 0.8081979 0.7820918 0.7891977 0.7202853 
50 3 0.6106265 0.8375938 0.7904033 0.7611721 0.8684339 0.8413974 
100 3 0.6570363 0.8157171 0.8002448 0.8023834 0.7445704 0.8252935 
200 3 0.5830092 0.809432 0.7715231 0.8174982 0.8037545 0.8378077 
0 5 0.6348953 0.8161563 0.7884476 0.8126553 0.7865709 0.7709345 
20 5 0.6521737 0.8424087 0.8158705 0.8025909 0.8654661 0.8816435 
50 5 0.6928981 0.8211942 0.7674395 0.8113567 0.7256531 0.8107276 
100 5 0.5992106 0.8430029 0.8113553 0.8702345 0.8409846 0.7947228 
200 5 0.6311156 0.7919858 0.8183455 0.7307741 0.7578437 0.7271255 
0 0 0.6209612 0.802958 0.8117504 0.8845239 0.8029887 0.8499638 
20 0 0.664863 0.823972 0.7787059 0.8143178 0.8645146 0.907654 
50 0 0.5900006 0.8623992 0.8465345 0.8282739 0.8488413 0.7957141 
100 0 0.6759968 0.8731673 0.8131287 0.8092256 0.783648 0.8430282 
200 0 0.6263414 0.8520215 0.830457 0.8171896 0.7909732 0.783691 
0 3 0.6478707 0.7713068 0.7953813 0.8707993 0.8498351 0.7982356 
20 3 0.6266147 0.8908867 0.8787912 0.8296143 0.8122947 0.8821406 
50 3 0.6745118 0.8167727 0.7422037 0.823299 0.7877816 0.7506726 
100 3 0.6233159 0.7980862 0.8060476 0.8501618 0.8406074 0.8032058 
200 3 0.6979932 0.8356311 0.7688306 0.7638925 0.7804885 0.7748382 
0 5 0.6633969 0.8471162 0.8198653 0.8620878 0.8023812 0.8490047 
20 5 0.6571938 0.7339781 0.8037351 0.7620713 0.7310426 0.7974635 
50 5 0.6223933 0.8047489 0.8388281 0.7958408 0.7261774 0.8118973 
100 5 0.6655632 0.8250896 0.7573725 0.7450296 0.7720843 0.8257334 
200 5 0.6359618 0.8210123 0.8219486 0.8585722 0.8193822 0.8386706 
0 0 0.8205294 0.8584659 0.7948734 0.830113 0.9151261 0.9203293 
20 0 0.6634829 0.85385 0.8325354 0.8377892 0.8134538 0.8642445 
50 0 0.6261298 0.846446 0.8737698 0.8080902 0.8087474 0.8479327 
100 0 0.6613302 0.8372864 0.8660255 0.831891 0.8531302 0.7929317 
200 0 0.7193708 0.7718868 0.844836 0.8399759 0.8379503 0.8547258 
0 3 0.66566 0.8275415 0.8666615 0.9002724 0.8517849 0.9156658 
20 3 0.6718685 0.8590761 0.8289028 0.8634772 0.8121685 0.8455599 
50 3 0.6445161 0.8345177 0.8211124 0.7361452 0.7835042 0.8406405 
100 3 0.6568706 0.7529716 0.7629415 0.8318049 0.8353384 0.7985198 
200 3 0.635689 0.9061115 0.8033141 0.7840128 0.7926767 0.8169281 
0 5 0.6570787 0.8760005 0.8371591 0.7518999 0.7915164 0.8275382 
20 5 0.6040634 0.8137473 0.8212279 0.8104103 0.8648781 0.798933 
50 5 0.6380359 0.7883357 0.779714 0.8072052 0.7215202 0.7614311 
100 5 0.6508892 0.7845766 0.8886171 0.8320227 0.7978211 0.8102073 
200 5 0.6472928 0.8902987 0.7370444 0.8140353 0.7987858 0.8070654 
0 0 0.6332532 0.7908842 0.7786651 0.809568 0.8805151 0.8197704 
20 0 0.6678298 0.9074082 0.8756985 0.7803486 0.8111529 0.8344137 
50 0 0.6100745 0.8323162 0.8837001 0.847461 0.8684457 0.8536191 
100 0 0.7134675 0.9228457 0.8426749 0.8580698 0.8368035 0.7742564 
200 0 0.6937512 0.8471006 0.8015721 0.8386767 0.8350344 0.855453 
0 3 0.6576909 0.8622373 0.8200719 0.7746761 0.8011889 0.8123471 
20 3 0.6267201 0.8695429 0.8516281 0.8437782 0.8120903 0.8692318 
50 3 0.678709 0.845138 0.6995048 0.7959308 0.8561959 0.8071025 
100 3 0.6214782 0.7764434 0.8115976 0.8056676 0.7691847 0.8063258 
200 3 0.6411719 0.7493563 0.7834568 0.8312718 0.7534968 0.7831333 
0 5 0.6508526 0.7802824 0.7737424 0.8342958 0.894417 0.850631 
20 5 0.6567298 0.8298564 0.7671216 0.7912536 0.7786005 0.8338641 
50 5 0.5660629 0.8423433 0.7877471 0.8137148 0.8239496 0.8456722 
100 5 0.6876156 0.7987765 0.8323891 0.771604 0.8379445 0.8311876 
200 5 0.5920129 0.8212355 0.8169321 0.8729255 0.7817451 0.8098187 
0 0 0.736392 0.8155844 0.8266307 0.8408419 0.8380195 0.8205666 
20 0 0.6781179 0.832951 0.7953888 0.8739164 0.8387583 0.8382193 
50 0 0.6942473 0.8624188 0.803887 0.8346724 0.805399 0.8414645 
100 0 0.6866709 0.8804722 0.8054306 0.7985317 0.8722069 0.8605526 
200 0 0.6832061 0.8835523 0.8289349 0.9166468 0.8220946 0.8039013 
0 3 0.664995 0.8698109 0.8517737 0.9126151 0.7791048 0.8077799 
20 3 0.6215858 0.8518143 0.731607 0.81246 0.8612248 0.7689013 
50 3 0.6306717 0.8145067 0.8401057 0.7505854 0.8045816 0.863481 
100 3 0.6739972 0.8014951 0.771082 0.7702929 0.7658397 0.7633019 
200 3 0.6279167 0.8435636 0.7993699 0.7778665 0.7711683 0.7670174 
0 5 0.6808052 0.8488937 0.8397064 0.8099678 0.7677062 0.7711431 
20 5 0.6605841 0.8908385 0.8404777 0.7754283 0.8095878 0.8207029 
50 5 0.596828 0.897422 0.7321215 0.7902391 0.7868821 0.8061561 
100 5 0.6577883 0.8297007 0.7635407 0.8258485 0.8072872 0.8175053 
200 5 0.696769 0.8625572 0.7955524 0.8427278 0.8472545 0.7489368 
0 0 0.6603531 0.7968871 0.8244126 0.8219705 0.7393202 0.8244652 
20 0 0.678037 0.8540788 0.8767575 0.8093664 0.7864182 0.9210049 
50 0 0.5794356 0.8181725 0.8165704 0.7837641 0.7963659 0.8057288 
100 0 0.6599665 0.8653395 0.8480543 0.8849041 0.9116873 0.8190928 
200 0 0.6350628 0.82632 0.8906688 0.7885977 0.8111466 0.7921167 
0 3 0.6977999 0.7828258 0.8120183 0.8944701 0.8136115 0.8199113 
20 3 0.6763455 0.8842451 0.8538218 0.9276663 0.9149355 0.9074607 
50 3 0.6992879 0.8390535 0.7239701 0.8022435 0.8272566 0.8091021 
100 3 0.6298118 0.8621972 0.8964577 0.7893656 0.8299723 0.8483321 
200 3 0.669729 0.7900226 0.7893747 0.7987 0.8180807 0.7400791 
0 5 0.6348974 0.7189261 0.7767882 0.8301673 0.8101594 0.8000607 
20 5 0.6595071 0.8087747 0.8269305 0.8081183 0.7704864 0.8015388 
50 5 0.6711598 0.817622 0.8676633 0.8149787 0.8185194 0.8822757 
100 5 0.6797005 0.8644627 0.8040638 0.8414588 0.8233979 0.7490069 
200 5 0.6008617 0.8271154 0.8147928 0.79549 0.7979942 0.8358764 
0 0 0.6664891 0.8008485 0.8726549 0.9021238 0.8200034 0.8528198 
20 0 0.6023734 0.8507094 0.8115998 0.7173345 0.7996607 0.8168514 
50 0 0.7238341 0.8014967 0.8193884 0.8776253 0.7818132 0.8383235 
100 0 0.6541264 0.8820953 0.7996381 0.8050819 0.9072837 0.8011393 
200 0 0.656633 0.8069329 0.8257563 0.7903694 0.8501932 0.9027227 
0 3 0.6462274 0.8143913 0.7746213 0.8846628 0.8526613 0.787559 
20 3 0.6979037 0.8007337 0.8200759 0.7569286 0.8013341 0.8273132 
50 3 0.6377199 0.8349765 0.8448842 0.8365911 0.9148477 0.8088292 
100 3 0.697936 0.8105769 0.8489765 0.7442292 0.7690453 0.8415836 
200 3 0.6479898 0.8794686 0.8191763 0.8176599 0.7646408 0.8399569 
0 5 0.6425805 0.7838572 0.7378099 0.8731492 0.7771512 0.7913611 
20 5 0.6312973 0.8096599 0.8819276 0.7982193 0.8102591 0.8267969 
50 5 0.656006 0.8364829 0.7834562 0.8499616 0.729963 0.8863593 
100 5 0.6105286 0.7956441 0.8177588 0.8455884 0.8601464 0.7859823 
200 5 0.6911401 0.8075166 0.7860809 0.824565 0.7672868 0.8397864 
0 0 0.6172732 0.8453264 0.8647638 0.8458596 0.8212121 0.8029497 
20 0 0.7574985 0.8149174 0.835644 0.8277718 0.9016496 0.8769689 
50 0 0.6174611 0.8499013 0.7933325 0.8924012 0.8055362 0.8432627 
100 0 0.7010326 0.8345697 0.7992357 0.8579397 0.8693467 0.8826515 
200 0 0.6446997 0.8173094 0.8673716 0.8344822 0.7879402 0.8737608 
0 3 0.6711163 0.8144005 0.8285598 0.8261889 0.7886428 0.8169719 
20 3 0.6276273 0.8128223 0.8255213 0.8231599 0.8136624 0.8244255 
50 3 0.6912516 0.7928632 0.8323908 0.8460202 0.8092536 0.8771667 
100 3 0.6402183 0.8232906 0.8197641 0.77164 0.8186346 0.8632496 
200 3 0.6630207 0.8007674 0.783913 0.7761394 0.8230159 0.8253505 
0 5 0.6147748 0.8106226 0.864293 0.8600185 0.8496475 0.8142277 
20 5 0.6614355 0.8155827 0.8365185 0.7539917 0.8378911 0.8259754 
50 5 0.5979364 0.9142977 0.7996503 0.821796 0.8574276 0.8832519 
100 5 0.6306953 0.7717013 0.8441009 0.7699901 0.8141486 0.7920594 
200 5 0.6532976 0.8186847 0.8182898 0.8086207 0.8137683 0.7930368 
