0 0 0.729249 0.911009 1.095283 0.957811 1.104261 1.403557 1080424.0 1268904.0 1674520.0 1843590.0 1915368.0 2402662.0
20 0 0.753257 2.754308 8.195874 11.713049 4.19977 0.842562 284270.0 1269772.0 1667432.0 1229604.0 2355050.0 1260626.0
50 0 0.736148 0.923291 0.892469 0.917896 1.009818 0.979492 809488.0 1204672.0 1121248.0 2014958.0 1574504.0 1481722.0
100 0 0.634214 0.869149 0.991694 1.198 0.9779 1.163967 125554.0 1278100.0 1603510.0 1573384.0 2341524.0 1116754.0
200 0 0.746674 1.046732 0.843915 1.051 1.008401 0.899206 530806.0 827622.0 833508.0 682094.0 675896.0 1294620.0
0 3 0.629769 0.862594 0.92044 0.994051 1.132002 1.095082 249140.0 1245066.0 1784666.0 1782800.0 2571744.0 1632714.0
20 3 0.852603 1.616645 1.098553 1.10433 0.839537 0.877643 207044.0 459462.0 400808.0 199076.0 71202.0 72836.0
50 3 0.661937 0.799246 0.85444 0.788122 0.815786 0.820926 72440.0 290884.0 348052.0 261076.0 219904.0 485264.0
100 3 0.666513 0.831746 0.777782 0.761306 0.784259 0.811637 84318.0 92328.0 74798.0 62972.0 76984.0 195582.0
200 3 0.618979 0.792209 0.832736 0.818771 0.822009 0.806975 100620.0 112238.0 236780.0 250502.0 359250.0 303996.0
0 5 0.671227 0.819694 0.769591 0.729938 0.757971 0.810498 176984.0 343208.0 388412.0 341046.0 182540.0 365494.0
20 5 0.617081 0.78679 0.722866 0.767908 0.791369 0.840156 157324.0 388382.0 363004.0 459144.0 573944.0 354944.0
50 5 0.569479 0.820579 0.75677 0.787468 0.762188 0.795344 66124.0 49578.0 75890.0 86742.0 66048.0 74408.0
100 5 0.567117 0.768619 0.794608 0.830115 0.843175 0.8363 62622.0 200936.0 254210.0 325754.0 357036.0 451668.0
200 5 0.578449 0.783106 0.763957 0.774075 0.771094 0.795527 43128.0 56452.0 87628.0 41492.0 114960.0 113462.0
0 0 0.521157 0.849079 0.788298 0.779517 0.881391 0.805524 56680.0 248484.0 266924.0 162370.0 406296.0 357124.0
20 0 0.71321 0.808832 0.851733 0.783204 0.772795 0.794468 407138.0 576980.0 749866.0 481030.0 539202.0 450084.0
50 0 0.616776 0.795832 0.798693 0.755326 0.742467 0.790894 147632.0 745150.0 502372.0 765072.0 553632.0 625228.0
100 0 0.649478 0.867454 0.8236 0.914037 0.923615 0.842143 423806.0 668712.0 432240.0 609492.0 855332.0 465706.0
200 0 0.579927 0.800105 1.250563 0.845459 0.849988 0.836896 143538.0 814992.0 627730.0 1072662.0 1028922.0 717634.0
0 3 0.648375 0.789242 0.763316 0.774315 0.80969 0.761437 221902.0 387306.0 182412.0 189846.0 268304.0 149122.0
20 3 0.674996 0.840321 0.757697 0.761783 0.792085 0.765654 170302.0 463240.0 471034.0 395048.0 509286.0 610244.0
50 3 0.614016 0.777447 0.762458 0.766498 0.839248 0.827869 101848.0 74666.0 135474.0 121736.0 147556.0 77686.0
100 3 0.628193 0.791339 0.816257 0.85511 0.789966 0.802575 114472.0 258788.0 307624.0 385052.0 212538.0 481452.0
200 3 0.652127 0.772112 0.829905 0.746143 0.757263 0.770406 59942.0 111608.0 110070.0 111202.0 50524.0 46874.0
0 5 0.606725 0.748142 0.854554 0.778457 0.885969 0.769767 59690.0 218096.0 294044.0 340364.0 462570.0 249894.0
20 5 0.615013 0.858203 0.814177 0.804972 0.828688 0.811062 94864.0 99784.0 112628.0 154662.0 197796.0 208148.0
50 5 0.59439 0.81541 0.783837 0.772367 0.82369 0.80512 137198.0 320788.0 367140.0 415140.0 509144.0 391724.0
100 5 0.630796 0.795239 0.788559 0.720148 0.744885 0.796599 60324.0 48260.0 139634.0 26406.0 50994.0 46234.0
200 5 0.632554 0.803809 0.843279 0.825518 0.861671 0.782835 85064.0 193396.0 270616.0 320368.0 235188.0 478824.0
0 0 0.72768 0.878678 0.749615 0.833941 0.845535 0.901758 358386.0 491074.0 659388.0 743718.0 637770.0 744486.0
20 0 0.586484 0.856335 0.861631 0.834409 0.838233 0.867421 8228.0 665880.0 810042.0 859362.0 559430.0 576996.0
50 0 0.693952 0.852339 0.887373 0.813294 0.793383 0.848796 448112.0 524978.0 1104032.0 865202.0 461052.0 400232.0
100 0 0.646267 0.80852 0.783162 0.777245 0.796221 0.84635 16326.0 743702.0 936084.0 691956.0 593262.0 691236.0
200 0 0.708121 0.776117 0.815657 0.867183 0.83801 0.810252 282406.0 535492.0 615384.0 668388.0 607230.0 639604.0
0 3 0.680746 0.836226 0.864982 0.83269 0.81723 0.789959 183054.0 624770.0 586684.0 743974.0 439120.0 659270.0
20 3 0.664378 0.794086 0.856598 0.78179 0.85203 0.805253 136664.0 170186.0 218214.0 212432.0 291814.0 242348.0
50 3 0.605383 0.768554 0.774031 0.815658 0.753954 0.914904 71494.0 298578.0 332590.0 412478.0 176892.0 563872.0
100 3 0.67011 0.789355 0.833211 0.773767 0.784292 0.845152 45854.0 46688.0 77786.0 73100.0 62940.0 82174.0
200 3 0.585417 0.741076 0.807423 0.775349 0.797769 0.798219 87572.0 238022.0 230768.0 164890.0 234612.0 234610.0
0 5 0.663886 0.859239 0.84788 0.831676 0.775743 0.81122 185982.0 287046.0 255222.0 228528.0 168924.0 211658.0
20 5 0.619655 0.782 0.793895 0.849662 0.880152 0.771349 135202.0 300356.0 224926.0 443134.0 549956.0 599512.0
50 5 0.680229 0.833341 0.744226 0.806212 0.801111 0.748762 87688.0 72892.0 41880.0 87806.0 115372.0 101478.0
100 5 0.593337 0.825043 0.776625 0.76807 0.862544 0.841908 76254.0 147106.0 221590.0 302642.0 428418.0 500128.0
200 5 0.674449 0.819209 0.831801 0.829616 0.833585 0.715993 67020.0 47300.0 38882.0 119770.0 98200.0 38538.0
0 0 0.571238 0.809487 0.810811 0.807265 0.817023 0.826427 74550.0 209790.0 254672.0 169636.0 224972.0 373830.0
20 0 0.708308 0.771829 0.763155 0.736887 0.819802 0.758911 402532.0 414712.0 415790.0 732632.0 856562.0 438706.0
50 0 0.690131 0.814957 0.754607 0.776886 0.808178 0.786702 176438.0 689282.0 740560.0 560118.0 616244.0 522052.0
100 0 0.737699 0.799887 0.859956 0.829044 0.824836 0.92252 414684.0 587674.0 843770.0 601292.0 919912.0 913732.0
200 0 0.633122 0.80807 0.795874 0.778474 0.874701 0.807518 122722.0 772162.0 918950.0 669822.0 1007534.0 605878.0
0 3 0.675502 0.796797 0.81155 0.791867 0.837732 0.832124 292674.0 363452.0 243016.0 290786.0 193922.0 416018.0
20 3 0.594703 0.80358 0.773106 0.777878 0.814205 0.807808 177242.0 545798.0 462708.0 541018.0 708974.0 376012.0
50 3 0.573531 0.786555 0.809381 0.746535 0.819239 0.777815 71616.0 64696.0 138898.0 131596.0 147898.0 146542.0
100 3 0.618602 0.707313 0.836222 0.776163 0.803572 0.764392 63034.0 211202.0 294632.0 198208.0 352506.0 373416.0
200 3 0.60803 0.794579 0.749101 0.813443 0.799216 0.794743 46938.0 110982.0 129594.0 110790.0 68516.0 52528.0
0 5 0.608545 0.817395 0.814445 0.831175 0.808362 0.83875 81052.0 258844.0 299478.0 352408.0 395428.0 482750.0
20 5 0.687105 0.821592 0.7201 0.790851 0.79223 0.842366 123796.0 138952.0 130848.0 164966.0 186126.0 211560.0
50 5 0.587477 0.85248 0.801668 0.774328 0.805009 0.781227 92948.0 316104.0 188148.0 362542.0 221814.0 509830.0
100 5 0.615041 0.812302 0.739235 0.779797 0.753403 0.782869 60466.0 47812.0 41412.0 67490.0 56856.0 46074.0
200 5 0.6148 0.801369 0.761246 0.780049 0.805982 0.786528 91194.0 99900.0 211986.0 199282.0 329744.0 254568.0
0 0 0.626341 0.855885 0.739095 0.83438 0.774634 0.793546 357960.0 727342.0 720518.0 456862.0 490952.0 683322.0
20 0 0.615854 0.840123 0.82369 0.776801 0.815399 0.809005 179782.0 679016.0 574900.0 749666.0 984296.0 798670.0
50 0 0.704556 0.785246 0.809323 0.807509 0.853291 0.792851 435444.0 676092.0 986648.0 775534.0 857112.0 807336.0
100 0 0.632573 0.937116 0.778938 0.780835 0.848531 0.864558 171890.0 557920.0 818458.0 649660.0 726176.0 1003178.0
200 0 0.702728 0.872845 0.869714 0.882439 0.834191 0.841064 500756.0 815874.0 887060.0 882124.0 598432.0 493146.0
0 3 0.584743 0.814522 0.854113 0.808474 0.745926 0.757572 182372.0 884020.0 1481870.0 1517646.0 939616.0 738038.0
20 3 0.631949 0.767847 0.804202 0.904111 0.731448 0.817697 99552.0 173364.0 212076.0 277172.0 105894.0 217824.0
50 3 0.605215 0.804115 0.890735 0.819048 0.872872 0.821378 193054.0 1017814.0 1516874.0 1106852.0 1332296.0 1001134.0
100 3 0.645505 0.730136 0.785269 0.759498 0.768172 0.837917 92536.0 81484.0 99448.0 124150.0 89298.0 136872.0
200 3 0.553089 0.792201 0.793539 0.791362 0.82139 0.725666 75864.0 227142.0 262760.0 333760.0 385750.0 385560.0
0 5 0.726534 0.849419 0.824643 0.793696 0.755021 0.784768 196978.0 229704.0 249724.0 163504.0 258980.0 266374.0
20 5 0.643306 0.87609 0.898545 0.836943 0.879409 0.879565 176762.0 1222404.0 1912666.0 1273962.0 2535014.0 2123342.0
50 5 0.616873 0.850295 0.786826 0.802923 0.750904 0.817039 84060.0 79984.0 110790.0 130012.0 82908.0 83130.0
100 5 0.617234 0.775442 0.760776 0.841095 0.73387 0.759668 86304.0 194550.0 202682.0 307194.0 353654.0 288630.0
200 5 0.658376 0.80386 0.817862 0.812652 0.782421 0.826967 53796.0 80144.0 54140.0 28060.0 33530.0 33728.0
0 0 0.62025 0.823591 0.829687 0.779128 0.745181 0.765947 24360.0 215888.0 189354.0 274992.0 311258.0 425482.0
20 0 0.680332 0.765889 0.914865 0.906082 0.877111 0.85389 308694.0 367610.0 740688.0 699754.0 420026.0 538436.0
50 0 0.604097 0.807398 0.72608 0.864365 0.786445 0.768202 181780.0 684944.0 388112.0 736180.0 359730.0 866316.0
100 0 0.675876 0.894538 0.818168 0.79661 0.829117 0.863219 394058.0 817048.0 605104.0 614516.0 708588.0 456464.0
200 0 0.606743 0.799721 0.786329 0.772779 0.878412 0.880334 217548.0 578220.0 796440.0 647454.0 705066.0 882214.0
0 3 0.646117 0.835252 0.820275 0.87655 0.946518 0.742734 222982.0 183074.0 255344.0 250946.0 428166.0 131320.0
20 3 0.583335 0.75199 0.816651 0.790416 0.749173 0.792171 159516.0 440786.0 618110.0 342900.0 350190.0 555224.0
50 3 0.612993 0.761547 0.886842 0.848076 0.782591 0.815455 80448.0 111604.0 150852.0 117064.0 117194.0 98696.0
100 3 0.625519 0.817388 0.737984 0.746356 0.775424 0.738339 109674.0 261080.0 275918.0 252824.0 211620.0 436896.0
200 3 0.638442 0.814154 0.815577 0.763055 0.734439 0.783998 78964.0 66586.0 42044.0 36990.0 36812.0 39816.0
0 5 0.591118 0.755283 0.783221 0.816687 0.809907 0.823 99726.0 245270.0 221900.0 180788.0 334234.0 328824.0
20 5 0.674539 0.860209 0.818847 0.741408 0.803796 0.812401 101084.0 171076.0 160434.0 176976.0 206956.0 239900.0
50 5 0.580184 0.803227 0.736781 0.777319 0.735001 0.782105 89120.0 306508.0 306510.0 311278.0 196388.0 340754.0
100 5 0.623851 0.805859 0.737418 0.834102 0.74356 0.732329 67404.0 143754.0 68018.0 54156.0 61188.0 47624.0
200 5 0.605795 0.773156 0.805119 0.759361 0.737242 0.815434 105200.0 254904.0 261738.0 319798.0 271218.0 461718.0
0 0 0.64854 0.884682 0.874745 0.795952 0.916488 0.801489 292742.0 399374.0 459284.0 640504.0 750048.0 691628.0
20 0 0.63018 0.863941 0.860928 0.805828 0.757407 0.808965 190516.0 726096.0 796264.0 687948.0 523302.0 761496.0
50 0 0.694053 0.867793 0.791796 0.76896 0.884747 0.881213 451464.0 805334.0 622868.0 713720.0 665458.0 971530.0
100 0 0.649871 0.853938 0.778954 0.835888 0.790425 0.84992 124784.0 704388.0 878098.0 727054.0 941796.0 954712.0
200 0 0.710846 0.868834 0.806711 0.763689 0.840256 0.807216 280940.0 506836.0 503504.0 576354.0 670990.0 419708.0
0 3 0.631886 0.830396 0.77658 0.814864 0.786675 0.840616 157142.0 603530.0 437560.0 772492.0 471930.0 781946.0
20 3 0.632962 0.755457 0.813432 0.792427 0.819576 0.797091 83162.0 85942.0 193538.0 170466.0 174544.0 124076.0
50 3 0.583869 0.844745 0.825778 0.77162 0.864787 0.8069 86994.0 304742.0 190412.0 339438.0 430242.0 484174.0
100 3 0.629374 0.802333 0.748069 0.852126 0.879864 0.776325 70082.0 93352.0 71614.0 53278.0 72608.0 114094.0
200 3 0.629417 0.823046 0.826874 0.805159 0.844459 0.805536 67972.0 235394.0 210248.0 310854.0 395388.0 444204.0
0 5 0.656198 0.840321 0.741127 0.808994 0.786279 0.772088 209958.0 216324.0 248932.0 183722.0 227830.0 184732.0
20 5 0.549613 0.851179 0.832771 0.814122 0.862322 0.820404 107262.0 446654.0 331222.0 228302.0 591502.0 638526.0
50 5 0.636346 0.764402 0.803875 0.756175 0.826342 0.774717 68882.0 96864.0 64806.0 71232.0 98446.0 89244.0
100 5 0.614664 0.785985 0.803945 0.794043 0.817377 0.84319 107406.0 205798.0 162860.0 164248.0 358470.0 212112.0
200 5 0.714859 0.809017 0.753181 0.76178 0.800988 0.745339 63376.0 84346.0 54506.0 34162.0 15360.0 18716.0
0 0 0.617205 0.821648 0.745085 0.832591 0.821278 0.780506 121906.0 213588.0 277416.0 353922.0 236220.0 468042.0
20 0 0.748434 0.796748 0.840526 0.843187 0.815601 0.803072 299816.0 531212.0 461058.0 681286.0 639560.0 606974.0
50 0 0.66031 0.817236 0.757372 0.823278 0.770515 0.812821 195294.0 532198.0 400994.0 655824.0 456332.0 403884.0
100 0 0.580579 0.77165 0.759366 0.811138 0.838663 0.841826 325830.0 594152.0 668130.0 369758.0 847868.0 752692.0
200 0 0.63319 0.826281 0.805273 0.763362 0.78171 0.765425 150058.0 738686.0 508080.0 758914.0 865590.0 665666.0
0 3 0.681584 0.79216 0.843277 0.810224 0.855051 0.792545 260492.0 231042.0 292522.0 127452.0 409940.0 507574.0
20 3 0.678615 0.839748 0.780692 0.787125 0.777915 0.84207 218204.0 608632.0 458590.0 422516.0 761062.0 443814.0
50 3 0.60129 0.799281 0.859536 0.779097 0.757105 0.839449 65944.0 132492.0 125026.0 64132.0 132802.0 77740.0
100 3 0.638922 0.713586 0.746075 0.842277 0.727429 0.838039 38544.0 188332.0 226392.0 178536.0 156000.0 465240.0
200 3 0.576912 0.81623 0.7415 0.762215 0.784435 0.843209 40442.0 95954.0 60302.0 52832.0 123632.0 69980.0
0 5 0.661142 0.823278 0.762078 0.787877 0.82448 0.790403 108730.0 226864.0 230266.0 279802.0 377238.0 430744.0
20 5 0.650455 0.81632 0.752957 0.840972 0.871916 0.833567 87558.0 73802.0 101540.0 141782.0 199054.0 139614.0
50 5 0.605158 0.86035 0.804567 0.785389 0.742162 0.839261 127188.0 294088.0 180562.0 340666.0 365016.0 491150.0
100 5 0.596683 0.812731 0.778849 0.727013 0.829247 0.791266 54530.0 124938.0 70802.0 61504.0 66578.0 63276.0
200 5 0.62094 0.79818 0.780451 0.801694 0.795975 0.820153 101190.0 215760.0 207014.0 279650.0 251568.0 405662.0
0 0 0.669611 0.744068 0.730691 0.868951 0.859705 0.866464 292920.0 559650.0 592386.0 394824.0 689776.0 406538.0
20 0 0.630405 0.872265 0.776376 0.822188 0.792129 0.851527 355974.0 520300.0 721576.0 472872.0 721730.0 689364.0
50 0 0.679971 0.827122 0.866477 0.857856 0.820914 0.971362 386028.0 626590.0 519116.0 513980.0 419218.0 618494.0
100 0 0.642779 0.773868 0.762473 0.756799 0.822497 0.787084 220994.0 682610.0 485764.0 670840.0 923518.0 742584.0
200 0 0.634942 0.879596 0.823601 0.879273 0.849141 1.77678 200174.0 406238.0 401874.0 610600.0 604988.0 259372.0
0 3 0.583839 2.20304 0.816851 0.854561 1.226203 1.325314 126588.0 749374.0 397132.0 436494.0 464482.0 1046912.0
20 3 1.211969 1.380708 0.785766 0.852287 0.899469 0.885572 199790.0 232940.0 92080.0 164388.0 164344.0 190280.0
50 3 0.599155 0.973637 1.517015 0.816471 0.871454 1.242908 119982.0 428020.0 320962.0 238732.0 342586.0 752244.0
100 3 0.615521 0.80707 0.751924 0.811869 0.753964 0.77895 55642.0 64348.0 83318.0 55448.0 78398.0 61986.0
200 3 0.567952 0.843527 0.791092 0.804051 0.792562 0.771435 63630.0 204684.0 219470.0 284910.0 373330.0 336270.0
0 5 0.656663 0.762538 0.801102 0.836709 0.840358 0.815514 185664.0 188850.0 163294.0 179460.0 193166.0 289888.0
20 5 0.607982 0.858366 0.754647 0.790013 0.799544 0.852996 133630.0 401906.0 238134.0 492014.0 264148.0 532260.0
50 5 0.620178 0.779016 0.810624 0.867255 0.802731 0.79878 83680.0 95320.0 124370.0 99684.0 75686.0 146098.0
100 5 0.648558 0.783116 0.814074 0.79702 0.809835 0.784408 94786.0 230742.0 285228.0 226610.0 423632.0 328204.0
200 5 0.641629 0.833575 0.775924 0.816706 0.785726 0.747556 48938.0 28078.0 125210.0 135402.0 116460.0 44320.0
0 0 0.662462 0.855728 0.769713 0.831878 0.845089 0.89072 98894.0 248798.0 184960.0 180338.0 367330.0 514902.0
20 0 0.740174 0.794346 0.863904 0.911948 0.881736 0.83952 436230.0 631966.0 780122.0 863466.0 1016962.0 522558.0
50 0 0.624707 0.808966 0.830334 0.864067 0.821022 0.7625 208016.0 757454.0 918926.0 837214.0 783298.0 1010012.0
100 0 0.702206 0.852718 0.945791 0.830508 0.899127 0.857703 447502.0 391670.0 743672.0 968538.0 1000162.0 1057768.0
200 0 0.537707 0.708772 0.845784 0.855059 0.87038 0.756235 212578.0 736750.0 990320.0 951250.0 996788.0 836850.0
0 3 0.702417 0.823016 0.72969 0.817966 0.862576 0.774873 178372.0 176276.0 103514.0 248722.0 520708.0 328024.0
20 3 0.643444 0.832997 0.77486 0.834863 0.803495 0.784484 111228.0 382260.0 307306.0 341986.0 312166.0 597874.0
50 3 0.608063 0.732431 0.734151 0.774989 0.868765 0.846532 73068.0 87346.0 82452.0 105706.0 132940.0 135782.0
100 3 0.588774 0.753034 0.815809 0.747611 0.770381 0.754098 90140.0 250188.0 186154.0 222300.0 370228.0 468092.0
200 3 0.568686 0.807651 0.828135 0.802707 0.780394 0.777646 37438.0 125198.0 104272.0 63848.0 43788.0 126332.0
0 5 0.582044 0.752466 0.808042 0.773344 0.740654 0.728495 52178.0 194632.0 246220.0 148770.0 305438.0 347674.0
20 5 0.614635 0.807986 0.837903 0.824001 0.770213 0.772115 83340.0 133102.0 92736.0 134906.0 106956.0 139922.0
50 5 0.620916 0.745319 0.800758 0.785457 0.787878 0.735122 94934.0 258540.0 158686.0 337064.0 170108.0 233782.0
100 5 0.624792 0.808543 0.775231 0.748415 0.777803 0.786563 62206.0 126392.0 94756.0 84526.0 68756.0 74934.0
200 5 0.614394 0.781478 0.843468 0.794074 0.800327 0.759038 57590.0 201042.0 271462.0 241950.0 373074.0 425670.0
0 0 0.693817 0.880892 0.831124 0.889882 0.837505 0.833172 252902.0 568660.0 434792.0 690076.0 679686.0 592014.0
20 0 0.611656 0.799049 0.754364 0.809298 0.765896 0.833798 202690.0 716168.0 756994.0 741466.0 465906.0 912016.0
50 0 0.676269 0.914415 0.770057 0.737694 0.742976 0.887557 406726.0 780834.0 648684.0 824044.0 355714.0 649686.0
100 0 0.61315 0.847568 0.818254 0.712972 0.804054 0.786676 222380.0 909962.0 852574.0 573092.0 1006028.0 612312.0
200 0 0.60743 0.786632 0.766748 0.778269 0.800967 0.739057 177508.0 610148.0 208474.0 441172.0 629754.0 191514.0
0 3 0.616757 0.764142 0.791574 0.791701 0.804059 0.777641 188248.0 344884.0 659590.0 716436.0 896428.0 800164.0
20 3 0.622444 0.747559 0.764796 0.763114 0.881042 0.719903 147596.0 180652.0 172328.0 210940.0 284682.0 198328.0
50 3 0.629208 0.740247 0.718672 0.766663 0.706546 0.780243 128622.0 328934.0 354724.0 215470.0 443870.0 440124.0
100 3 0.613963 0.758009 0.751576 0.781306 0.795705 0.791933 74618.0 65376.0 74034.0 106096.0 82836.0 61822.0
200 3 0.60531 0.784939 0.765087 0.705874 0.754027 0.812485 90188.0 212778.0 121180.0 278916.0 275774.0 420302.0
0 5 0.588376 0.747317 0.733043 0.837209 0.835558 0.805526 143158.0 154804.0 181594.0 263756.0 387982.0 295366.0
20 5 0.563318 0.838298 0.790613 0.786796 0.820389 0.755439 111996.0 350150.0 379142.0 346880.0 322094.0 537066.0
50 5 0.716387 0.799586 0.735237 0.748595 0.767764 0.801637 85322.0 102994.0 78012.0 93796.0 94822.0 88770.0
100 5 0.600258 0.83119 0.771279 0.716573 0.815528 0.730123 82168.0 230526.0 141462.0 207420.0 347026.0 351692.0
200 5 0.654364 0.80972 0.751963 0.730627 0.837323 0.878712 49686.0 35792.0 97698.0 32896.0 97122.0 42916.0
0 0 0.605724 0.787344 0.764845 0.812869 0.821193 0.793146 92886.0 225098.0 239172.0 144168.0 325966.0 441332.0
20 0 0.640542 0.813698 0.775786 0.891187 0.799911 0.79372 294944.0 281760.0 555948.0 682186.0 400782.0 413068.0
50 0 0.675883 0.907015 0.795018 0.845284 0.867939 0.846178 186386.0 708248.0 611292.0 468316.0 765774.0 505658.0
100 0 0.653031 0.892253 0.805188 0.850297 0.79279 0.837098 399092.0 658864.0 791942.0 859274.0 584928.0 858888.0
200 0 0.68344 0.80393 0.816203 0.792163 0.725394 0.753598 241364.0 738440.0 862704.0 517134.0 775178.0 887236.0
0 3 0.675107 0.777829 0.849051 0.789205 0.682316 0.821411 251830.0 562170.0 707992.0 202392.0 157542.0 224680.0
20 3 0.650862 0.786614 0.774586 0.799232 0.787704 0.788789 99474.0 385200.0 344552.0 375934.0 530050.0 607890.0
50 3 0.618553 0.832854 0.749873 0.77881 0.80651 0.836543 75706.0 89516.0 86704.0 103836.0 121546.0 99210.0
100 3 0.545235 0.791826 0.744743 0.750086 0.742377 0.794655 55608.0 259606.0 245160.0 329154.0 382378.0 448580.0
200 3 0.582929 0.813429 0.80909 0.728151 0.7463 0.815474 38460.0 95122.0 116312.0 64726.0 40802.0 50744.0
0 5 0.611449 0.807404 0.725882 0.787983 0.756641 0.813804 83208.0 188304.0 113282.0 247656.0 261706.0 412254.0
20 5 0.62562 0.826776 0.788666 0.794789 0.80576 0.79752 76730.0 142624.0 169100.0 124322.0 172820.0 144740.0
50 5 0.649222 0.846995 0.779502 0.814992 0.776695 0.808534 127778.0 261014.0 306740.0 355532.0 401250.0 481706.0
100 5 0.632666 0.791935 0.737449 0.835702 0.765658 0.791015 112200.0 131248.0 67282.0 154284.0 94950.0 60512.0
200 5 0.620906 0.743858 0.713996 0.756505 0.775587 0.799624 78732.0 222502.0 111444.0 274368.0 270578.0 246134.0
0 0 0.639626 0.791962 0.725196 0.782189 0.837822 0.883345 321058.0 535666.0 604400.0 706062.0 828008.0 900968.0
20 0 0.603666 0.779965 0.755245 0.845754 0.818591 0.834023 302212.0 575964.0 758808.0 678776.0 1053042.0 591540.0
50 0 0.672238 0.887518 0.765384 0.810261 0.83074 0.865806 483652.0 839304.0 658994.0 844208.0 751370.0 801260.0
100 0 0.653817 0.796008 0.718014 0.726331 0.727363 0.756687 302750.0 754546.0 891678.0 709084.0 903122.0 572810.0
200 0 0.649496 0.864002 0.84349 0.794276 0.793804 0.813192 202480.0 595484.0 458808.0 438338.0 453948.0 437728.0
0 3 0.615929 0.855861 0.789385 0.886436 0.798888 0.778234 191382.0 558310.0 742516.0 531406.0 398272.0 827402.0
20 3 0.675714 0.794619 0.762915 0.84311 0.794928 0.71362 195384.0 117334.0 211096.0 220440.0 157874.0 141564.0
50 3 0.607625 0.789309 0.739915 0.804211 0.754642 0.824252 108766.0 262822.0 333808.0 411736.0 191206.0 562962.0
100 3 0.618504 0.837973 0.782896 0.789307 0.796165 0.829528 86434.0 98968.0 129346.0 78832.0 154900.0 107500.0
200 3 0.669205 0.862129 0.863802 0.873799 0.834805 0.796439 325748.0 1080684.0 1256358.0 1588766.0 1618188.0 1569332.0
0 5 0.618964 0.853427 0.805381 0.817183 0.783337 0.872801 138104.0 333536.0 205436.0 252846.0 277426.0 186826.0
20 5 0.594707 0.813759 0.836403 0.773183 0.774339 0.84115 121868.0 504512.0 506092.0 516644.0 555948.0 716332.0
50 5 0.640556 0.797679 0.746911 0.789644 0.805593 0.78064 79522.0 74978.0 101692.0 124428.0 95682.0 125488.0
100 5 0.650496 0.783355 0.859086 0.833876 0.767599 0.839849 98250.0 136020.0 334636.0 205072.0 438168.0 370116.0
200 5 0.704747 0.806523 0.725533 0.766536 0.787219 0.759528 56218.0 63994.0 45554.0 42078.0 30358.0 25618.0
0 0 0.600063 0.781139 0.846527 0.7813 0.782461 0.743961 64934.0 184226.0 231500.0 246508.0 325210.0 335742.0
20 0 0.605969 0.83224 0.768087 0.825798 0.770933 0.811537 292634.0 318860.0 585868.0 610102.0 631548.0 388580.0
