0 0 0.719807 0.873788 0.895153 0.931751 0.879083 0.934657 0.821534 1275258.0 1189296.0 1703266.0 1856570.0 1676420.0 2092658.0 1386474.0
0 0 0.578984 0.803591 0.742388 0.823903 0.791952 0.909388 0.741679 250684.0 1002566.0 1239810.0 1302732.0 1575988.0 2990004.0 1045504.0
0 0 0.770657 0.840598 0.838362 0.887691 0.777526 0.900657 0.827388 1360574.0 1380940.0 1773520.0 1912446.0 1217994.0 2086304.0 1420970.0
0 0 0.880837 1928000.0
0 0 0.749044 1348902.0
0 0 0.745002 1196104.0
0 0 0.637153 968818.0
0 0 0.759951 1158442.0
0 0 1.987456 1424466.0
0 0 1.952739 1687436.0
