0 0 4.896108 5.951862 5.055884 5.784237 6.383929 9.263764 1066570.0 1232198.0 1325964.0 2177154.0 4191046.0 2693726.0
0 3 3.266043 5.181058 8.038614 6.087803 5.993725 8.852833 273490.0 1293372.0 2444060.0 2359230.0 3392180.0 4534404.0
0 5 3.300108 4.240061 5.196226 6.171814 4.370547 5.192169 259040.0 320504.0 693858.0 1109906.0 1118832.0 945134.0
0 0 3.328388 3.701049 4.672097 6.180287 6.136298 10.090106 189624.0 377318.0 664548.0 794916.0 1296584.0 2445062.0
0 3 4.42391 3.83997 4.756163 5.447988 6.159957 7.103853 417310.0 306164.0 581986.0 534080.0 1052428.0 1120990.0
0 5 3.451361 3.905418 4.576524 5.747097 5.591132 6.343016 200688.0 512908.0 527396.0 1256646.0 1499838.0 1675860.0
0 0 4.636248 4.727851 4.839148 5.64741 5.659794 6.647587 549498.0 705604.0 944208.0 1585096.0 1975436.0 2126082.0
0 3 3.753873 4.879028 4.863268 5.922241 5.894392 5.858356 228014.0 845010.0 992246.0 1985452.0 2068344.0 931834.0
0 5 3.867978 3.992041 4.908174 5.853612 7.963659 3.88781 228916.0 267142.0 479540.0 700080.0 1079750.0 494446.0
0 0 4.127815 4.283724 4.542239 6.096586 6.049864 6.250031 262260.0 566062.0 844498.0 692494.0 1413188.0 1514912.0
0 3 3.712091 3.680186 4.651878 5.69143 5.45742 6.531954 310594.0 319412.0 663782.0 863272.0 1054310.0 878306.0
0 5 1.890604 3.718317 4.649955 5.812145 4.88996 5.952702 36800.0 449330.0 577942.0 1003980.0 974004.0 1585608.0
0 0 3.899796 4.979928 4.208009 5.9155 5.827898 6.815729 417998.0 768848.0 668180.0 1210144.0 1711890.0 1950976.0
0 3 3.187637 4.453134 5.343561 6.072642 5.980877 7.062269 205316.0 812324.0 1427720.0 2205116.0 1833792.0 2314000.0
0 5 4.195918 4.300051 5.199939 5.546227 6.443971 8.151939 379228.0 304162.0 412676.0 575436.0 813772.0 1625694.0
0 0 3.21868 4.255754 4.192515 4.226287 5.514773 7.087389 184230.0 433172.0 331628.0 379054.0 1428068.0 1307056.0
0 3 3.6558 4.416104 4.548266 6.351515 6.285263 9.595988 344102.0 458808.0 719532.0 1220410.0 1230846.0 1859928.0
0 5 3.407257 4.49845 5.407223 6.250759 5.202642 6.389673 246424.0 753778.0 1075332.0 1488146.0 1249600.0 1322274.0
0 0 4.316154 4.388047 5.29921 6.187352 6.179871 6.355306 515564.0 498710.0 1183418.0 1520806.0 1924078.0 2116740.0
0 3 3.390263 4.405994 4.687215 5.483792 6.240494 7.105124 254688.0 829190.0 841954.0 1613342.0 2208174.0 2051854.0
0 5 4.323865 2.383662 3.671984 7.223957 6.151867 6.272095 364266.0 288550.0 226872.0 1128998.0 950012.0 854976.0
0 0 3.283108 4.376367 4.512078 5.606844 9.356557 7.096674 152652.0 472130.0 486942.0 1038292.0 1731858.0 1458706.0
0 3 3.555934 3.60809 5.292814 6.347837 6.252142 6.455918 312930.0 252656.0 399836.0 749746.0 936134.0 1220734.0
0 5 3.390617 4.859235 5.546143 6.145159 6.047059 8.911703 266656.0 1364144.0 2715998.0 2776146.0 3458516.0 4143268.0
0 0 5.016102 4.988023 5.736137 5.656029 6.300722 9.143772 1226778.0 1279032.0 2082880.0 2533234.0 3052298.0 4139622.0
0 3 3.050577 5.239527 5.500097 5.359011 5.877631 8.875016 174272.0 1300710.0 2512826.0 1210966.0 3726506.0 3110182.0
0 5 3.675958 4.659892 4.683491 5.555893 4.61101 10.379875 340630.0 438186.0 581464.0 729404.0 932218.0 1748168.0
0 0 2.969122 3.932843 7.601079 5.592485 5.545873 6.494901 135360.0 429956.0 869180.0 1138406.0 1236512.0 1363334.0
0 3 3.839823 3.035858 4.940132 6.907695 5.861055 9.691689 327606.0 162640.0 353820.0 586356.0 1551472.0 1522818.0
0 5 4.015309 4.172086 4.953682 6.014122 5.753013 10.733162 364014.0 520218.0 818436.0 1483978.0 1441070.0 2287788.0
0 0 4.159533 4.140144 5.01956 5.379373 5.959972 10.862984 619562.0 458650.0 1168538.0 1099382.0 1709834.0 2685520.0
0 3 3.249531 5.221403 5.107882 5.262234 5.940266 6.170939 225580.0 934278.0 1348208.0 1222838.0 2133048.0 1830700.0
0 5 3.447415 4.220357 5.196034 5.447059 6.40819 4.417692 216654.0 257768.0 379124.0 602390.0 999828.0 1126744.0
0 0 3.325024 3.671113 4.734373 5.482995 5.5962 6.312019 161764.0 295012.0 625488.0 572524.0 1094116.0 1219912.0
0 3 3.588049 3.735989 4.752043 5.688212 7.943412 10.783866 217992.0 310374.0 424522.0 489962.0 1422726.0 2470534.0
0 5 3.494592 3.843746 4.921402 5.589531 5.765601 7.875256 230260.0 500188.0 809484.0 890358.0 1627968.0 1197796.0
0 0 4.699966 4.047717 4.600269 5.552103 5.679931 10.547242 555706.0 489916.0 696052.0 1325672.0 1821864.0 2825904.0
0 3 3.781142 4.739487 4.952854 5.663352 5.625087 6.640198 402774.0 514902.0 1244630.0 1557840.0 1784260.0 2110808.0
0 5 3.251686 4.059971 5.011834 5.975496 5.740083 6.055952 169554.0 195698.0 400408.0 671564.0 1018594.0 965136.0
0 0 3.079753 4.310574 4.547297 5.311406 6.112135 7.049241 118542.0 411200.0 726140.0 1033144.0 1404526.0 1644998.0
0 3 4.151874 4.279516 6.399995 6.132275 6.074942 7.141379 264676.0 455774.0 678576.0 782642.0 984650.0 1350186.0
0 5 3.245017 4.405389 4.306393 5.259036 6.261403 6.229041 241704.0 741780.0 419586.0 1312128.0 1576234.0 1859056.0
0 0 4.355835 4.456024 4.389199 6.291992 5.683329 6.544154 573410.0 438688.0 602706.0 1764246.0 1809668.0 1657206.0
0 3 3.468271 4.540526 3.921488 5.54037 5.83784 6.415724 323262.0 724312.0 516732.0 1290672.0 2272234.0 1788224.0
0 5 3.667958 3.783933 4.811915 5.674991 5.732291 9.727377 227668.0 243554.0 459886.0 747154.0 981150.0 1476916.0
0 0 3.735581 3.922399 4.90723 5.82684 5.73634 9.796493 203548.0 463696.0 508402.0 775648.0 1383808.0 2066310.0
0 3 3.412315 4.127865 5.107882 6.047425 4.963798 7.243628 264652.0 325434.0 405306.0 734408.0 622224.0 1146780.0
0 5 2.898518 4.247305 5.007447 5.326805 7.959094 5.993183 70266.0 469474.0 627362.0 699888.0 1709780.0 1212146.0
0 0 4.296061 4.368017 5.308065 6.207516 6.131611 7.291447 525856.0 456952.0 1126886.0 907198.0 1599844.0 1483058.0
0 3 3.609602 4.499029 4.779969 6.315461 6.28584 6.192398 417062.0 868564.0 1099054.0 1530978.0 1806782.0 1268324.0
0 5 4.399924 3.560028 3.744026 6.418672 6.35205 4.761882 388144.0 341712.0 309678.0 897246.0 953006.0 882872.0
0 0 2.796933 4.025833 4.656511 5.791908 5.691688 9.746911 116532.0 506182.0 668484.0 872448.0 1344290.0 2247664.0
0 3 3.755975 4.759713 1.995986 5.674638 5.776022 7.632159 325936.0 425984.0 683460.0 1038432.0 1173742.0 865444.0
0 5 2.859273 3.997417 5.981316 5.917383 5.750974 6.811828 139372.0 524362.0 898148.0 1020322.0 1479934.0 1562144.0
0 0 3.97595 4.287605 4.943679 5.815968 5.788236 10.770817 492762.0 521248.0 824296.0 1309838.0 1671050.0 3168242.0
0 3 3.093479 5.072823 5.10858 5.030982 5.854915 6.919309 204412.0 814354.0 1264154.0 1242012.0 2184598.0 2041942.0
0 5 4.055942 1.47193 5.083554 6.124276 5.279916 6.983637 272226.0 225650.0 483106.0 553800.0 740990.0 921308.0
0 0 3.374763 4.343697 4.280991 6.281862 6.26779 7.158237 243150.0 446048.0 511318.0 1135514.0 1455072.0 1693988.0
0 3 3.471932 1.786919 4.655884 5.615501 5.400317 7.387979 299644.0 372502.0 414416.0 732284.0 1000506.0 1230412.0
0 5 4.360471 4.450823 5.375907 6.376227 6.299249 6.499908 328990.0 617042.0 1100228.0 1664480.0 1318872.0 1803322.0
0 3 3.891583 5.031488 5.249909 5.971607 6.829772 7.782638 247856.0 881878.0 1537610.0 1398318.0 2407252.0 2632066.0
0 5 3.85608 4.311966 5.307395 6.248015 6.866809 9.995939 272702.0 352182.0 695238.0 640970.0 1045752.0 1706306.0
0 0 3.819144 4.943691 5.895304 5.895229 5.92631 9.679078 263654.0 534642.0 1000256.0 1194198.0 1152106.0 2506168.0
0 3 3.904245 4.201433 5.319248 5.989718 6.827212 9.911877 220508.0 381248.0 859598.0 894678.0 1300970.0 1555896.0
0 5 3.359466 4.21823 5.111027 6.03495 6.201977 9.981769 239868.0 606016.0 822698.0 1841152.0 1966070.0 3143574.0
0 0 4.443896 5.195958 6.063732 6.127925 6.115989 10.043288 758222.0 891904.0 1553062.0 1908074.0 2605924.0 3243410.0
0 3 4.003942 4.264973 6.097196 5.32742 6.035615 7.092386 244642.0 736874.0 1602362.0 1176170.0 1994504.0 2706488.0
0 5 2.479979 4.300518 5.275956 6.292292 7.219961 9.4554 215732.0 328104.0 638308.0 919322.0 1474456.0 1849034.0
0 0 3.374585 4.528751 6.297302 6.204532 6.157799 10.110964 207084.0 640534.0 1145548.0 1347648.0 1166064.0 3037890.0
0 3 4.403774 4.516087 6.511985 6.4434 6.527722 11.331974 435144.0 426838.0 877904.0 1108068.0 1092204.0 1690094.0
0 5 4.058493 4.180772 5.390198 6.125759 6.187027 9.932669 206292.0 515318.0 983862.0 1105514.0 1720382.0 2554842.0
0 0 4.391738 5.255061 5.356227 6.143318 6.299964 7.263415 643322.0 865684.0 1436968.0 1792998.0 2144642.0 2579356.0
0 3 3.390536 4.421342 5.466929 6.343977 6.280374 7.266171 239340.0 764306.0 1494724.0 2105732.0 2004684.0 2729556.0
0 5 4.591947 4.647918 5.882947 6.399997 7.30799 10.322537 334440.0 316398.0 1089772.0 1110222.0 961630.0 1706644.0
0 0 3.399531 4.539575 4.609586 6.462178 6.385377 9.290923 210600.0 566534.0 634214.0 1699564.0 2124570.0 2870522.0
0 3 4.60785 4.643821 6.599939 6.587366 6.567846 10.543873 519944.0 334960.0 630272.0 850610.0 1083606.0 1828436.0
0 5 3.741288 4.865708 4.827008 5.91107 5.942263 9.952298 230888.0 644930.0 970520.0 1257970.0 1979104.0 2664510.0
0 0 3.972109 5.016148 5.023833 6.039941 6.820908 9.791503 537078.0 894260.0 1396828.0 1634852.0 2411502.0 3422124.0
0 3 3.86412 4.973206 5.108164 6.083557 6.068218 10.895183 389350.0 756014.0 1255226.0 2088280.0 1896030.0 3878462.0
0 5 3.595829 4.34002 3.328073 6.258267 6.419943 11.103849 309580.0 269690.0 633938.0 736638.0 1328290.0 1487788.0
0 0 3.57859 4.404576 6.387088 5.389156 6.354022 9.294141 323764.0 485956.0 1137306.0 845506.0 1744752.0 2347572.0
0 3 3.759911 4.548066 5.45984 6.388145 6.361652 10.175709 333852.0 351360.0 752708.0 672582.0 1078742.0 2005722.0
0 5 3.348779 4.429413 5.346573 5.375252 6.278481 10.280985 216970.0 433120.0 886456.0 1005732.0 1783950.0 2842550.0
0 0 4.44797 4.675894 5.343529 6.171692 6.164246 10.083923 614086.0 843658.0 1544130.0 1753680.0 2091070.0 3153892.0
0 3 3.267536 4.496123 6.299317 6.23359 6.359792 10.047782 187442.0 856872.0 1661930.0 2132160.0 2412154.0 2753682.0
0 5 3.396046 4.408416 5.436041 6.419542 6.555887 11.331439 242580.0 396360.0 834890.0 710876.0 1027516.0 2052622.0
0 0 3.543146 3.887904 5.879889 5.880144 6.574866 10.557841 162350.0 456726.0 926350.0 1122700.0 1213046.0 2546500.0
0 3 4.072043 4.768146 2.912125 6.564156 6.528062 10.53135 366114.0 373802.0 831184.0 866114.0 1156544.0 2130266.0
0 5 3.60394 3.968122 4.679707 6.020175 5.88027 10.46491 234200.0 486562.0 881332.0 1277098.0 1290922.0 3128946.0
0 0 4.595804 4.78005 6.520203 6.455923 6.419032 10.379892 611210.0 854918.0 1531212.0 1903770.0 2094460.0 2971614.0
0 3 3.462055 4.602022 6.615939 5.90524 6.570919 7.555674 245788.0 737036.0 1601318.0 2061602.0 2621778.0 2666238.0
0 5 3.891783 4.324337 6.192065 6.04368 6.363979 9.123866 256696.0 353552.0 813996.0 940932.0 1376068.0 1904252.0
0 0 3.247937 4.593013 5.309962 6.263522 6.264726 10.265472 160750.0 674194.0 833138.0 1549112.0 1832422.0 2336212.0
0 3 3.532093 4.299921 5.272014 6.204007 3.551736 8.188085 292084.0 524098.0 1020110.0 1291634.0 1470488.0 1771412.0
0 5 3.672134 4.438218 5.360384 5.418944 6.233938 10.231453 334016.0 620790.0 929166.0 1073052.0 1825930.0 2070714.0
0 0 4.464035 4.716041 5.803502 5.903925 6.545339 10.463535 600786.0 751314.0 1169846.0 1890422.0 2197982.0 3270902.0
0 3 3.632149 4.812799 5.030874 5.984365 6.538109 9.856031 255026.0 887626.0 1131862.0 2123628.0 2526492.0 3301874.0
0 5 4.795889 3.883372 5.940044 6.087525 6.811807 10.778166 434962.0 404612.0 561666.0 790392.0 1124562.0 1931738.0
0 0 2.968916 5.015012 4.936217 5.973425 5.942019 10.062584 115424.0 342272.0 808334.0 1057006.0 1113032.0 1926248.0
0 3 4.115877 4.216055 5.420052 6.150809 6.360021 10.179759 309146.0 301954.0 711728.0 1029948.0 1376716.0 2209392.0
0 5 3.174188 4.299257 5.283891 6.20339 6.390838 10.134844 182138.0 491418.0 919132.0 1017228.0 1934654.0 2720856.0
0 0 4.251836 5.327876 6.200094 6.115798 6.21801 10.142833 478902.0 816034.0 1421404.0 1899702.0 2264316.0 3168224.0
0 3 4.06126 5.169706 5.108772 6.0618 6.293788 7.077371 391726.0 851450.0 1274858.0 1816028.0 2741310.0 1963652.0
0 5 3.867898 3.19224 6.068069 6.107534 6.704038 7.644106 312498.0 205236.0 512540.0 716606.0 994408.0 1013170.0
0 0 3.752069 4.217979 4.799465 5.879376 6.02014 10.563294 171202.0 513950.0 672782.0 1314642.0 1490706.0 2874660.0
0 3 4.076126 4.391987 5.239971 5.892164 6.831531 10.819379 440028.0 529978.0 969268.0 1150552.0 1025266.0 1867284.0
0 5 3.406315 4.171594 5.174264 6.112493 6.04826 10.263095 236018.0 558506.0 825974.0 1387212.0 1483280.0 2990402.0
0 0 4.267835 5.255666 5.28798 6.099856 6.14516 7.172081 484754.0 844064.0 1363724.0 1848094.0 2123768.0 2365282.0
0 3 3.965511 5.074928 5.248722 6.036385 6.2033 9.871855 347442.0 893016.0 1447072.0 1638908.0 2776954.0 2862844.0
0 5 3.51205 4.284351 6.143873 6.184083 6.187329 11.059912 241990.0 310350.0 691798.0 912438.0 1330850.0 1687642.0
0 0 3.36413 4.430199 5.364186 6.381373 6.353693 10.383427 182816.0 444468.0 785684.0 1069374.0 1105948.0 2039286.0
0 3 3.727859 4.007889 5.899974 5.999721 6.636021 4.653995 251268.0 295854.0 676574.0 838140.0 1237070.0 1423324.0
0 5 3.72087 4.875297 5.202525 5.946361 6.06275 6.687146 198046.0 732614.0 1123050.0 1617256.0 1854228.0 2407024.0
0 0 4.831738 4.848003 7.796091 6.018987 6.635463 7.551386 722812.0 735144.0 1551722.0 1906928.0 2464104.0 2300458.0
0 3 3.751702 4.907169 5.137137 5.923326 5.846698 8.808384 235188.0 830080.0 1518054.0 1888804.0 1670304.0 2678902.0
0 5 3.908145 3.871933 4.91202 6.088 5.967653 7.719916 305258.0 267480.0 465646.0 688182.0 780378.0 1046400.0
0 0 2.812276 3.493633 4.498895 5.500212 5.68529 6.638514 108406.0 272618.0 576124.0 890234.0 1264016.0 1540402.0
0 3 3.811845 3.772029 5.079792 6.647457 6.567879 4.576865 321152.0 206156.0 400810.0 850432.0 846328.0 892414.0
0 5 3.172063 4.959163 5.219015 5.958772 5.9271 5.850336 206508.0 1246328.0 1621700.0 1535642.0 2569276.0 2568968.0
