0 0 0.6854194 0.9479968 0.9523109 0.9128862 0.9560122 0.9230841 
0 3 0.6535987 0.8895852 0.6960067 0.8320014 0.8771863 0.831276 
0 5 0.6200542 0.7844902 0.7601104 0.7551739 0.7728509 0.7301527 
0 0 0.6404161 0.867458 0.8287735 0.7798027 0.7923122 0.7896504 
0 3 0.6953831 0.8071409 0.816853 0.8983368 0.8260769 0.7356863 
0 5 0.6126976 0.7346902 0.8725337 0.7698495 0.813562 0.7389577 
0 0 0.656371 0.817187 0.7627327 0.7618111 0.7506527 0.9217495 
0 3 0.6032494 0.7634243 0.7039387 0.7388314 0.8926207 0.83767 
0 5 0.6390851 0.8110386 0.8023687 0.7472544 0.7790067 0.806538 
0 0 0.5806115 0.8567166 0.822747 0.7833745 0.7813403 0.7415631 
0 3 0.6418015 0.7891783 0.7503345 0.8296638 0.8184082 0.7843924 
0 5 0.607462 0.7200317 0.7849685 0.7893224 0.7046733 0.8190062 
0 0 0.666456 0.7850529 0.785955 0.835409 0.7773472 0.8695609 
0 3 0.6023114 0.7309407 0.7811293 0.8148653 0.7431989 0.7637581 
0 5 0.6674147 0.8306399 0.7467524 0.7727571 0.8073041 0.8893895 
0 0 0.611726 0.8004441 0.7043118 0.7611862 0.864868 0.7582571 
0 3 0.658672 0.7863551 0.7689009 0.8257915 0.8106479 0.7479077 
0 5 0.6541218 0.8325196 0.8721157 0.78555 0.8021177 0.8190752 
0 0 0.6758171 0.8105596 0.8742914 0.7694353 0.8356046 0.8276584 
0 3 0.5938489 0.7136239 0.7836557 0.7431442 0.8736231 0.811863 
0 5 0.6833697 0.8248826 0.8344758 0.7956357 0.7925874 0.7831169 
0 0 0.6476162 0.8472233 0.7722319 0.8345226 0.7808669 0.8344536 
0 3 0.6100667 0.8113735 0.6942282 0.8521499 0.8044788 0.8029678 
0 5 0.6229721 0.9247085 0.904504 0.9256977 0.7874578 0.8926401 
0 0 0.7953842 0.9793458 0.935229 0.9769443 0.9282225 1.0258713 
0 3 0.5476624 0.7921406 0.9518917 0.855994 0.8905523 1.1192566 
0 5 0.6787745 0.846468 0.8578576 0.7911205 0.7796262 0.8267012 
0 0 0.6188866 0.8246031 0.8367947 0.759355 0.7399403 0.7790878 
0 3 0.6281977 0.7576689 0.8093502 0.7869251 0.8896802 0.7984126 
0 5 0.5871487 0.8036047 0.833853 0.8410839 0.8170774 0.74114 
0 0 0.6324941 0.8207996 0.7002721 0.8784411 0.822426 0.8033185 
0 3 0.6178776 0.8465469 0.8296041 0.8130341 0.8023982 0.9035121 
0 5 0.5980495 0.8034684 0.7417194 0.7980275 0.8089725 0.7900649 
0 0 0.6296162 0.768191 0.8114802 0.8128684 0.7716883 0.7693707 
0 3 0.5962193 0.8437552 0.8363855 0.7203346 0.8188259 0.8098965 
0 5 0.5691412 0.7592624 0.8016036 0.7999204 0.7886644 0.7876127 
0 0 0.7131784 0.8508367 0.7909713 0.7749285 0.8220517 0.7767048 
0 3 0.6382807 0.7721164 0.790861 0.809135 0.7522328 0.7536585 
0 5 0.6002105 0.8023808 0.7759352 0.8854719 0.7759717 0.7482497 
0 0 0.6028841 0.7899646 0.7870954 0.7601559 0.8028445 0.8185192 
0 3 0.6245204 0.8505351 0.7858395 0.7950243 0.8016368 0.8632518 
0 5 0.6363491 0.7950916 0.7786473 0.7459825 0.7730368 0.7800589 
0 0 0.6848652 0.7901156 0.854006 0.7307668 0.8369039 0.7751822 
0 3 0.5857699 0.755732 0.7218429 0.7754296 0.8255029 0.8223944 
0 5 0.6426156 0.8432366 0.7578683 0.7811195 0.8707737 0.7699212 
0 0 0.5472603 0.7504838 0.8230915 0.8350645 0.7720907 0.7736087 
0 3 0.6681148 0.7884221 0.7776586 0.8316097 0.8518664 0.8105306 
0 5 0.6034763 0.7699608 0.751555 0.7669932 0.7152951 0.7658379 
0 0 0.6895385 0.7837083 0.8578547 0.8051203 0.7484187 0.9211653 
0 3 0.602402 0.7466089 0.832629 0.7647594 0.8202313 0.7709582 
0 5 0.629455 0.7949995 0.8056288 0.8006403 0.7308882 0.7868562 
0 0 0.6085352 0.8550603 0.7593937 0.6840068 0.9349465 0.8086049 
0 3 0.6368446 0.8336507 0.7337961 0.8081312 0.7712284 0.841889 
0 5 0.5988253 0.8462725 0.7992692 0.8158378 0.8313567 0.8322984 
0 0 0.6113164 0.803288 0.8391808 0.7852143 0.7591114 0.8220566 
0 3 0.61646 0.8143035 0.7930291 0.8377698 0.8521001 0.7626041 
0 5 0.6414294 0.7757089 0.7311524 0.773511 0.7505835 0.7900526 
0 0 0.6151495 0.7990824 0.7391698 0.7513882 0.8443966 0.8408437 
0 3 0.6502469 0.7454807 0.7361334 0.7837925 0.8310482 0.8512624 
0 5 0.6464677 0.809512 0.7452306 0.818145 0.7867933 0.7875365 
0 0 0.6328666 0.7756515 0.9224288 0.8779557 0.8404637 0.8260747 
0 3 0.593127 0.7722494 0.8214246 0.8402349 0.7860433 0.8954913 
0 5 0.640553 0.7516138 0.8016258 0.7837594 0.8652376 0.8334958 
0 0 0.6158629 0.8309192 0.8024168 0.7725774 0.8191606 0.7724511 
0 3 0.657917 0.79117 0.8296997 0.7711982 0.8200715 0.7738207 
0 5 0.6082146 0.8182256 0.8220495 0.8203442 0.808626 0.7887431 
0 0 0.6736844 0.8635097 0.775425 0.8775587 0.7471598 0.8713847 
0 3 0.5643413 0.8168167 0.7587658 0.7854223 0.7583384 0.7673408 
0 5 0.6449701 0.7564196 0.7426279 0.8234363 0.8076797 0.8440766 
0 0 0.6550391 0.8227582 0.83057 0.7864466 0.7844858 0.8326425 
0 3 0.6555111 0.7496226 0.795687 0.7777163 0.824703 0.7879791 
0 5 0.618473 0.8617394 0.7760106 0.7918676 0.7707283 0.8204302 
0 0 0.6771102 0.8068992 0.7769037 0.7660011 0.7686428 0.7625202 
0 3 0.6696662 0.7940121 0.7697013 0.8082224 0.7530846 0.7838587 
0 5 0.6701589 0.8284908 0.8958513 0.8572282 0.8709273 0.7937838 
0 0 0.6042381 0.8213989 0.746786 0.8082157 0.8285989 0.7907325 
0 3 0.7014647 0.7889678 0.7399054 0.7706039 0.7595665 0.8317988 
0 5 0.6159791 0.8083634 0.7622385 0.8363212 0.8425525 0.7960315 
0 0 0.6336514 0.8531159 0.682233 0.8952841 0.8660456 0.7792805 
0 3 0.6281676 0.7638684 0.7336045 0.7626303 0.7840449 0.789322 
0 5 0.6355877 0.8303733 0.7393959 0.8091109 0.8166707 0.7311991 
0 0 0.6180574 0.7583376 0.7448089 0.7776777 0.79572 0.8115514 
0 3 0.6888307 0.8278283 0.8306991 0.8691285 0.8184643 0.8093202 
0 5 0.6413116 0.8220484 0.8026795 0.8061126 0.8084702 0.8354759 
0 0 0.6706283 0.8100836 0.7937587 0.785289 0.7993145 0.8256347 
0 3 0.6016138 0.8432691 0.805005 0.8569037 0.801184 0.74007 
0 5 0.6495718 0.7191338 0.7852392 0.7919507 0.7544177 0.7911057 
0 0 0.5976059 0.8066462 0.7899015 0.7571318 0.764391 0.8341172 
0 3 0.6807288 0.8933769 0.8108525 0.7873327 0.7560444 0.8003114 
0 5 0.6151814 0.7850109 0.7917236 0.8762226 0.7685031 0.7987973 
0 0 0.6467086 0.924713 0.8229016 0.7758079 0.754356 0.8088648 
0 3 0.6074642 0.7230427 0.7520291 0.7725895 0.7585115 0.7519624 
0 5 0.5869367 0.7787942 0.7238262 0.7742217 0.7317243 0.8386524 
0 0 0.5950726 0.8196022 0.7908066 0.7414437 0.8168499 0.7858401 
0 3 0.6747805 0.780566 0.7949553 0.7685386 0.785748 0.8087767 
0 5 0.6658107 0.8162055 0.7747042 0.8338045 0.7653627 0.7718343 
0 0 0.6545148 0.7638771 0.7165432 0.7746811 0.8339535 0.8501341 
0 3 0.6106439 0.7816828 0.8491441 0.788692 0.7911648 0.8237721 
0 5 0.6778985 0.781296 0.6761326 0.8261382 0.7819858 0.804253 
0 0 0.6589486 0.8145997 0.7717485 0.7456896 0.7725521 0.8361037 
0 3 0.6436655 0.8155171 0.739682 0.8599585 0.8028631 0.7301542 
0 5 0.6171919 0.7566729 0.8147417 0.795305 0.8338915 0.8009537 
0 0 0.6830202 0.8528219 0.8892401 0.8741557 0.7948241 0.8175963 
0 3 0.6268669 0.8000719 0.787852 0.8318151 0.7827632 0.8623822 
0 5 0.7019857 0.7730954 0.8421107 0.8380192 0.8100059 0.8515214 
0 0 0.5888662 0.8474314 0.84753 0.7986672 0.8047461 0.729259 
0 3 0.6717464 0.8782107 0.7528066 0.773308 0.7567203 0.7983442 
0 5 0.5946191 0.7407764 0.8055138 0.8052684 0.7054406 0.78911 
0 0 0.730681 0.897723 0.7795904 0.8025179 0.8399871 0.8516362 
0 3 0.6345755 0.8050537 0.810685 0.7865283 0.776342 0.7904478 
0 5 0.6236995 0.872781 0.8227599 0.7612292 0.731688 0.7857372 
0 0 0.5785064 0.7964942 0.7209813 0.7672149 0.7119827 0.7360237 
0 3 0.6475489 0.8228806 0.8369368 0.7479629 0.8133532 0.8236496 
0 5 0.5786147 0.7589602 0.8294329 0.8047384 0.7586923 0.8389619 
0 0 0.7023096 0.8135717 0.8074076 0.8257458 0.8219898 0.8440461 
0 3 0.5793988 0.7524594 0.7032915 0.8161062 0.8105898 0.765327 
0 5 0.6573618 0.8160968 0.7830878 0.8274109 0.8105897 0.7943246 
0 0 0.6667016 0.7903188 0.7436873 0.7466334 0.7731608 0.7502871 
0 3 0.6605402 0.8138543 0.7855607 0.8222608 0.7509784 0.7602353 
0 5 0.5850842 0.7215334 0.7542981 0.7741006 0.8177279 0.863232 
