0 0 4.97593 5.184043 5.875941 6.691847 6.520114 7.406954 9.21196 1517064.0 1601640.0 2404182.0 3474800.0 3675232.0 3934654.0 2882824.0
0 0 3.609444 5.516233 5.453916 5.702533 9.377226 6.418806 5.184685 324030.0 1592924.0 1610254.0 2110006.0 3129658.0 4362018.0 1563712.0
0 0 5.324032 5.459958 5.496535 6.395381 5.976394 6.950494 5.787893 1559660.0 2116804.0 2475864.0 3529090.0 2659892.0 3913056.0 2344172.0
0 0 27.99719 8273308.0
0 0 4.935826 1531612.0
0 0 4.65967 1253774.0
0 0 18.582126 2952910.0
0 0 4.839104 1336774.0
0 0 25.291297 4646548.0
0 0 24.629996 5258576.0
