0.242107 110
0.342112 110
0.588279 110
1.242171 110
1.342356 110
2.242226 110
2.342196 110
3.241996 110
3.342229 110
3.365684 110
4.242101 110
4.342128 110
5.242144 110
5.342328 110
6.182368 110
6.242178 110
6.342249 110
7.242147 110
7.342103 110
8.242167 110
8.342272 110
8.924888 110
9.242197 110
9.342362 110
10.242274 110
10.342208 110
11.242326 110
11.342331 110
11.683101 110
12.242202 110
12.342290 110
13.242159 110
13.342242 110
14.242262 110
14.342200 110
14.431980 110
15.242278 110
15.342216 110
16.242284 110
16.342373 110
17.194031 110
17.242523 110
17.342299 110
18.242314 110
18.342485 110
19.242348 110
19.342525 110
19.943660 110
20.242383 110
20.342492 110
20.891836 414
20.891841 318
21.242338 110
21.342408 110
22.242311 110
22.342300 110
22.684053 110
23.242326 110
23.342506 110
24.242387 110
24.342511 110
25.242387 110
25.342480 110
25.431312 110
26.242410 110
26.342476 110
27.242418 110
27.342541 110
28.177541 110
28.242469 110
28.342416 110
29.242668 110
29.342501 110
30.242487 110
30.342627 110
30.958607 110
31.242492 110
31.342636 110
32.242493 110
32.342490 110
33.242435 110
33.342607 110
33.770808 110
34.242501 110
34.342610 110
35.242522 110
35.342524 110
36.242495 110
36.342570 110
36.527811 110
37.242606 110
37.342624 110
38.242541 110
38.342633 110
39.242589 110
39.290366 110
39.342599 110
40.242650 110
40.342638 110
41.242681 110
41.342663 110
42.057655 110
42.242692 110
42.342600 110
43.242542 110
43.342562 110
44.242635 110
44.342818 110
44.830407 110
45.242529 110
45.342690 110
46.242700 110
46.342598 110
47.242663 110
47.342609 110
47.614759 110
48.242937 110
48.342812 110
49.242676 110
49.342707 110
50.242562 110
50.342859 110
50.371076 110
51.242583 110
51.342831 110
52.242749 110
52.342729 110
53.118924 110
53.242738 110
53.342686 110
54.242752 110
54.342903 110
55.242696 110
55.342824 110
55.868887 110
56.242781 110
56.342854 110
57.242751 110
57.342813 110
58.242650 110
58.342832 110
58.644572 110
59.242791 110
59.342791 110
60.242787 110
60.342791 110
61.242743 110
61.342986 110
61.395908 110
62.242808 110
62.342897 110
63.242791 110
63.342928 110
64.150006 110
64.242937 110
64.342869 110
65.242868 110
65.343001 110
66.242842 110
66.342985 110
66.928763 110
67.242924 110
67.342957 110
68.242932 110
68.342909 110
69.242903 110
69.343024 110
69.682112 110
70.242906 110
70.342942 110
71.242974 110
71.342937 110
72.242931 110
72.342909 110
72.424495 110
73.242932 110
73.343100 110
74.242995 110
74.343059 110
75.208982 110
75.242949 110
75.343075 110
76.243113 110
76.342995 110
77.243099 110
77.343031 110
77.991542 110
78.242991 110
78.343046 110
79.243047 110
79.343035 110
79.982515 382
79.982691 318
80.243035 110
80.343178 110
80.710086 110
81.243106 110
81.343124 110
82.242960 110
82.343097 110
83.243140 110
83.343096 110
83.462635 110
84.243141 110
84.343118 110
85.243139 110
85.343038 110
86.198210 110
86.243112 110
86.343268 110
87.243118 110
87.343153 110
88.243138 110
88.343175 110
88.948622 110
89.243119 110
89.343284 110
90.243217 110
90.343240 110
91.243217 110
91.343174 110
91.712612 110
92.243102 110
92.343279 110
93.243171 110
93.343298 110
94.243185 110
94.343239 110
94.460354 110
95.243482 110
95.343432 110
96.243246 110
96.343414 110
97.228391 110
97.243318 110
97.343295 110
98.243354 110
98.343411 110
99.243344 110
99.343330 110
99.993795 110
100.243297 110
100.343430 110
101.243166 110
101.343502 110
102.243300 110
102.343325 110
102.776410 110
103.243219 110
103.343323 110
104.243201 110
104.343318 110
105.243220 110
105.343348 110
105.556958 110
106.243218 110
106.343283 110
107.243242 110
107.343540 110
108.243431 110
108.304052 110
108.343485 110
109.243363 110
109.343448 110
110.243382 110
110.343517 110
111.056388 110
111.243397 110
111.343538 110
112.243442 110
112.343509 110
113.243322 110
113.343348 110
113.808667 110
114.243371 110
114.343406 110
115.243483 110
115.343394 110
116.243526 110
116.343422 110
116.526050 110
117.243459 110
117.343435 110
118.243589 110
118.343545 110
119.243724 110
119.306382 110
119.343511 110
120.243623 110
120.343581 110
121.243516 110
121.343632 110
122.085489 110
122.243523 110
122.343570 110
123.243642 110
123.343619 110
124.243620 110
124.343572 110
124.866536 110
125.243591 110
125.343723 110
126.243751 110
126.343598 110
127.243606 110
127.343608 110
127.590320 110
128.243581 110
128.343763 110
129.243662 110
129.343762 110
130.243687 110
130.343722 110
130.369049 110
131.243536 110
131.343662 110
132.243785 110
132.343736 110
133.181445 110
133.243899 110
133.343691 110
134.243578 110
134.343701 110
135.243587 110
135.343773 110
135.959069 110
136.243646 110
136.343863 110
137.243686 110
137.343838 110
138.243739 110
138.343853 110
138.740157 110
139.243684 110
139.343782 110
139.890911 590
139.890994 318
140.243744 110
140.343815 110
141.243650 110
141.343764 110
141.496689 110
142.243678 110
142.343752 110
143.243685 110
143.343855 110
144.243715 110
144.260088 110
144.343877 110
145.243777 110
145.343939 110
146.243743 110
146.343795 110
147.057182 110
147.243745 110
147.343912 110
148.243743 110
148.343853 110
149.243764 110
149.343944 110
149.799656 110
150.243780 110
150.343829 110
151.243782 110
151.343925 110
152.243788 110
152.343992 110
152.521054 110
153.243879 110
153.343940 110
154.243866 110
154.343911 110
155.243879 110
155.323214 110
155.343978 110
156.243851 110
156.343975 110
157.243969 110
157.343922 110
158.088440 110
158.243951 110
158.343931 110
159.243959 110
159.344118 110
160.243953 110
160.344279 110
160.869510 110
161.243950 110
161.343949 110
162.243964 110
162.343952 110
163.244039 110
163.343982 110
163.643783 110
164.243988 110
164.344068 110
165.243962 110
165.344022 110
166.244022 110
166.344099 110
166.396829 110
167.244054 110
167.344121 110
168.244027 110
168.344031 110
169.166906 110
169.243996 110
169.344130 110
170.244118 110
170.344216 110
171.244170 110
171.344118 110
171.927347 110
172.244045 110
172.344197 110
173.244144 110
173.344173 110
174.244087 110
174.344168 110
174.714175 110
175.244065 110
175.344292 110
176.244188 110
176.344276 110
177.244192 110
177.344402 110
177.486730 110
178.244203 110
178.344342 110
179.244106 110
179.344284 110
180.240748 110
180.244207 110
180.344175 110
181.244249 110
181.344312 110
182.244198 110
182.344231 110
183.025671 110
183.244268 110
183.344401 110
184.244282 110
184.344385 110
185.244312 110
185.344352 110
185.771987 110
186.244349 110
186.344401 110
187.244390 110
187.344570 110
188.244450 110
188.344439 110
188.586975 110
189.244456 110
189.344453 110
190.244408 110
190.344539 110
191.244418 110
191.344429 110
191.362013 110
192.244422 110
192.344596 110
193.244463 110
193.344454 110
194.115369 110
194.244400 110
194.344571 110
195.244426 110
195.344519 110
196.244581 110
196.344486 110
196.901217 110
197.244487 110
197.344357 110
198.244561 110
198.344461 110
199.244464 110
199.344479 110
199.646662 110
199.825266 286
199.825339 318
200.244475 110
200.344507 110
201.244497 110
201.344684 110
202.244440 110
202.344519 110
202.433420 110
203.244602 110
203.344543 110
204.244629 110
204.344566 110
205.222856 110
205.244511 110
205.344620 110
206.244656 110
206.344792 110
207.244543 110
207.344880 110
207.990838 110
208.244580 110
208.344514 110
209.244806 110
209.344626 110
210.244602 110
210.344634 110
210.777186 110
211.244654 110
211.344643 110
212.244660 110
212.344645 110
213.244718 110
213.344797 110
213.522805 110
214.244550 110
214.344609 110
215.244657 110
215.344709 110
216.244585 110
216.275846 110
216.344761 110
217.244589 110
217.344758 110
218.244705 110
218.344600 110
219.054643 110
219.244705 110
219.344820 110
220.244621 110
220.344855 110
221.244888 110
221.344674 110
221.807409 110
222.244747 110
222.344781 110
223.244650 110
223.344724 110
224.244982 110
224.344819 110
224.619967 110
225.244846 110
225.344872 110
226.244831 110
226.344929 110
227.244739 110
227.344982 110
227.365947 110
228.244731 110
228.344751 110
229.244875 110
229.344916 110
230.150633 110
230.244758 110
230.344859 110
231.244850 110
231.344880 110
232.244756 110
232.344892 110
232.935791 110
233.244876 110
233.344823 110
234.244974 110
234.345200 110
235.244948 110
235.344968 110
235.712833 110
236.244941 110
236.344962 110
237.244958 110
237.344952 110
238.244916 110
238.345145 110
238.460582 110
239.244974 110
239.345025 110
240.244955 110
240.344863 110
241.242341 110
241.244946 110
241.345055 110
242.245098 110
242.345036 110
243.245065 110
243.345350 110
244.026203 110
244.244979 110
244.345135 110
245.244957 110
245.345008 110
246.245051 110
246.345030 110
246.809290 110
247.245135 110
247.345228 110
248.245056 110
248.344970 110
249.245159 110
249.345192 110
249.557694 110
250.245090 110
250.345142 110
251.244991 110
251.345053 110
252.245088 110
252.323865 110
252.345188 110
253.245112 110
253.345209 110
254.245086 110
254.345204 110
255.084762 110
255.245126 110
255.345236 110
256.245088 110
256.345188 110
257.245076 110
257.345281 110
257.897873 110
258.245093 110
258.345430 110
259.245207 110
259.345230 110
259.978268 366
259.978306 430
260.245209 110
260.345294 110
260.685208 110
261.245126 110
261.345274 110
262.245126 110
262.345262 110
263.245207 110
263.345309 110
263.462849 110
264.245191 110
264.345332 110
265.245206 110
265.345322 110
266.245187 110
266.276315 110
266.345395 110
267.245360 110
267.345337 110
268.245188 110
268.345317 110
269.054551 110
269.245300 110
269.345301 110
270.245230 110
270.345373 110
271.245336 110
271.345290 110
271.803632 110
272.245278 110
272.345354 110
273.245254 110
273.345294 110
274.245379 110
274.345442 110
274.590616 110
275.245395 110
275.345562 110
276.245315 110
276.345479 110
277.245412 110
277.345520 110
277.371369 110
278.245410 110
278.345470 110
279.245332 110
279.345473 110
280.151373 110
280.245355 110
280.345461 110
281.245521 110
281.345527 110
282.245482 110
282.345517 110
282.909908 110
283.245386 110
283.345583 110
284.245462 110
284.345510 110
285.245499 110
285.345662 110
285.678277 110
286.245431 110
286.345703 110
287.245517 110
287.345626 110
288.245548 110
288.345708 110
288.456331 110
289.245444 110
289.345500 110
290.245620 110
290.345742 110
291.214265 110
291.245476 110
291.345615 110
292.245627 110
292.345671 110
293.245598 110
293.345708 110
294.025912 110
294.245527 110
294.345734 110
295.245649 110
295.345698 110
296.245629 110
296.345772 110
296.832534 110
297.245647 110
297.345641 110
298.245647 110
298.345593 110
299.245579 110
299.345670 110
299.585052 110
300.245651 110
300.345714 110
301.245705 110
301.345807 110
302.245622 110
302.345676 110
302.401887 110
303.245761 110
303.345919 110
304.245745 110
304.345780 110
305.135366 110
305.245892 110
305.345939 110
306.245775 110
306.345913 110
307.245772 110
307.345796 110
307.901095 110
308.245785 110
308.345788 110
309.245762 110
309.345912 110
310.245808 110
310.345918 110
310.676226 110
311.245822 110
311.345906 110
312.245909 110
312.345988 110
313.245871 110
313.346142 110
313.396893 110
314.245811 110
314.345833 110
315.245886 110
315.346017 110
316.166739 110
316.245826 110
316.345921 110
317.245904 110
317.345917 110
318.245913 110
318.345933 110
318.928174 110
319.245946 110
319.345954 110
319.924382 350
319.924491 318
320.245989 110
320.345991 110
321.245962 110
321.346137 110
321.745241 110
322.245974 110
322.345985 110
323.245989 110
323.346019 110
324.246045 110
324.346054 110
324.550065 110
325.245943 110
325.346164 110
326.246071 110
326.346136 110
327.246071 110
327.302939 110
327.345960 110
328.246040 110
328.346087 110
329.245949 110
329.346111 110
330.088176 110
330.246061 110
330.346172 110
331.246076 110
331.346215 110
332.246073 110
332.346168 110
332.866300 110
333.246074 110
333.346186 110
334.246128 110
334.346188 110
335.246023 110
335.346042 110
335.589330 110
336.246047 110
336.346139 110
337.246163 110
337.346164 110
338.246173 110
338.346161 110
338.362560 110
339.246147 110
339.346210 110
340.246134 110
340.346208 110
341.146433 110
341.246158 110
341.346123 110
342.246116 110
342.346203 110
343.246272 110
343.346195 110
343.903617 110
344.246177 110
344.346167 110
345.246159 110
345.346361 110
346.246178 110
346.346289 110
346.648000 110
347.246178 110
347.346239 110
348.246207 110
348.346296 110
349.246267 110
349.346286 110
349.431723 110
350.246215 110
350.346206 110
351.246240 110
351.346263 110
352.222261 110
352.246213 110
352.346327 110
353.246222 110
353.346331 110
354.246340 110
354.346392 110
354.949725 110
355.246508 110
355.346445 110
356.246310 110
356.346366 110
357.246340 110
357.346453 110
357.744499 110
358.246350 110
358.346565 110
359.246432 110
359.346415 110
360.246386 110
360.346528 110
360.521224 110
361.246419 110
361.346380 110
362.246402 110
362.346392 110
363.246403 110
363.307517 110
363.346483 110
364.246407 110
364.346464 110
365.246427 110
365.346448 110
366.089723 110
366.246541 110
366.346423 110
367.246452 110
367.346840 110
368.246441 110
368.346575 110
368.839815 110
369.246420 110
369.346603 110
370.246455 110
370.346530 110
371.246551 110
371.346616 110
371.619873 110
372.246617 110
372.346682 110
373.246598 110
373.346495 110
374.246578 110
374.346577 110
374.365947 110
375.246752 110
375.346806 110
376.246625 110
376.346784 110
377.135679 110
377.246637 110
377.346682 110
378.246645 110
378.346743 110
379.246585 110
379.346706 110
379.813336 382
379.813356 318
379.899616 110
380.246715 110
380.346792 110
381.246673 110
381.346810 110
382.246567 110
382.346729 110
382.651640 110
383.246704 110
383.346713 110
384.246693 110
384.346735 110
385.246627 110
385.346851 110
385.432066 110
386.246682 110
386.346848 110
387.246631 110
387.346718 110
388.195048 110
388.246777 110
388.346986 110
389.246663 110
389.346794 110
390.246669 110
390.346831 110
390.977763 110
391.246738 110
391.346854 110
392.246720 110
392.346758 110
393.246776 110
393.346910 110
393.745942 110
394.246831 110
394.346970 110
395.246851 110
395.347024 110
396.246833 110
396.346882 110
396.495487 110
397.246804 110
397.346965 110
398.246885 110
398.346991 110
399.246899 110
399.307078 110
399.346914 110
400.246831 110
400.346930 110
401.246927 110
401.347023 110
402.099953 110
402.246946 110
402.346975 110
403.246948 110
403.346976 110
404.246965 110
404.347105 110
404.897441 110
405.246978 110
405.347034 110
406.246917 110
406.347005 110
407.247055 110
407.347013 110
407.701948 110
408.247055 110
408.346893 110
409.247038 110
409.347091 110
410.247033 110
410.347085 110
410.433025 110
411.247052 110
411.347162 110
412.247063 110
412.347163 110
413.213820 110
413.247078 110
413.347078 110
414.247006 110
414.347100 110
415.247197 110
415.347021 110
416.021473 110
416.247012 110
416.347188 110
417.247127 110
417.347226 110
418.247196 110
418.347133 110
418.835238 110
419.247192 110
419.347207 110
420.247107 110
420.347317 110
421.247289 110
421.347212 110
421.621263 110
422.247175 110
422.347198 110
423.247230 110
423.347276 110
424.247335 110
424.347283 110
424.401447 110
425.247221 110
425.347270 110
426.247125 110
426.347298 110
427.183860 110
427.247176 110
427.347271 110
428.247319 110
428.347148 110
429.247266 110
429.347289 110
429.942788 110
430.247378 110
430.347405 110
431.247308 110
431.347395 110
432.247336 110
432.347486 110
432.740790 110
433.247360 110
433.347405 110
434.247388 110
434.347414 110
435.247443 110
435.347343 110
435.496305 110
436.247441 110
436.347395 110
437.247361 110
437.347368 110
438.247447 110
438.276640 110
438.347386 110
439.247393 110
439.347373 110
439.977455 350
439.977570 318
440.247414 110
440.347479 110
441.057832 110
441.247420 110
441.347422 110
442.247734 110
442.347419 110
443.247431 110
443.347401 110
443.815563 110
444.247449 110
444.347457 110
445.247470 110
445.347467 110
446.247543 110
446.347475 110
446.616977 110
447.247419 110
447.347500 110
448.247403 110
448.347554 110
449.247418 110
449.347533 110
449.434075 110
450.247582 110
450.347523 110
451.247540 110
451.347525 110
452.213987 110
452.247538 110
452.347497 110
453.247625 110
453.347591 110
454.247462 110
454.347596 110
454.995128 110
455.247585 110
455.347671 110
456.247707 110
456.347595 110
457.247617 110
457.347522 110
457.784630 110
458.247629 110
458.347570 110
459.247544 110
459.347537 110
460.247705 110
460.347638 110
460.584852 110
461.247550 110
461.347613 110
462.247715 110
462.347756 110
463.247615 110
463.347649 110
463.403525 110
464.247779 110
464.347744 110
465.247729 110
465.347634 110
466.182984 110
466.247759 110
466.347759 110
467.247741 110
467.347739 110
468.247736 110
468.347649 110
468.947314 110
469.247647 110
469.347731 110
470.247671 110
470.347844 110
471.247810 110
471.347715 110
471.749700 110
472.247837 110
472.347760 110
473.247883 110
473.347742 110
474.247734 110
474.347834 110
474.491015 110
475.247860 110
475.347975 110
476.247847 110
476.347886 110
477.247880 110
477.310023 110
477.347883 110
478.247911 110
478.347904 110
479.247868 110
479.347920 110
480.073585 110
480.247902 110
480.347935 110
481.247950 110
481.347943 110
482.247958 110
482.347938 110
482.871735 110
483.247966 110
483.347930 110
484.247888 110
484.347948 110
485.247975 110
485.348038 110
485.690457 110
486.247973 110
486.347963 110
487.248012 110
487.348046 110
488.247994 110
488.347990 110
488.459739 110
489.248022 110
489.348007 110
490.247923 110
490.348008 110
491.247958 110
491.278825 110
491.348118 110
492.248139 110
492.347962 110
493.248085 110
493.348083 110
494.042511 110
494.248108 110
494.348117 110
495.248066 110
495.348098 110
496.248049 110
496.348077 110
496.807482 110
497.248120 110
497.348103 110
498.248152 110
498.348130 110
499.248180 110
499.348186 110
499.567073 110
499.886881 382
499.886985 318
500.248128 110
500.348145 110
501.248136 110
501.348157 110
502.248199 110
502.334830 110
502.348060 110
503.248184 110
503.348180 110
504.248215 110
504.348217 110
505.120299 110
505.248106 110
505.348225 110
506.248243 110
506.348141 110
507.248302 110
507.348311 110
507.899830 110
508.248275 110
508.348269 110
509.248131 110
509.348291 110
510.248296 110
510.348290 110
510.683002 110
511.248252 110
511.348265 110
512.248279 110
512.348319 110
513.248322 110
513.348228 110
513.472331 110
514.248322 110
514.348305 110
515.248322 110
515.348221 110
516.240717 110
516.248300 110
516.348253 110
517.248258 110
517.348387 110
518.248390 110
518.348388 110
519.027796 110
519.248372 110
519.348246 110
520.248384 110
520.348261 110
521.248381 110
521.348427 110
521.836344 110
522.248400 110
522.348351 110
523.248456 110
523.348450 110
524.248365 110
524.348501 110
524.588727 110
525.248453 110
525.348444 110
526.248515 110
526.348502 110
527.248492 110
527.348430 110
527.410217 110
528.248472 110
528.348497 110
529.248492 110
529.348534 110
530.146994 110
530.248586 110
530.348519 110
531.248434 110
531.348540 110
532.248499 110
532.348611 110
532.934246 110
533.248474 110
533.348541 110
534.248600 110
534.348639 110
535.248580 110
535.348601 110
535.678908 110
536.248581 110
536.348643 110
537.248576 110
537.348591 110
538.248587 110
538.348611 110
538.461332 110
539.248611 110
539.348609 110
540.248623 110
540.348660 110
541.248656 110
541.270631 110
541.348639 110
542.248688 110
542.348644 110
543.248677 110
543.348757 110
544.021738 110
544.248706 110
544.348627 110
545.248684 110
545.348680 110
546.248703 110
546.348734 110
546.839181 110
547.248707 110
547.348808 110
548.248649 110
548.348732 110
549.248758 110
549.348887 110
549.616341 110
550.248880 110
550.348908 110
551.248826 110
551.348876 110
552.248783 110
552.348946 110
552.371660 110
553.248789 110
553.348876 110
554.248816 110
554.349198 110
555.182449 110
555.248817 110
555.348852 110
556.248845 110
556.348961 110
557.248871 110
557.348903 110
557.991252 110
558.248781 110
558.348848 110
559.248869 110
559.348909 110
560.050671 350
560.050712 318
560.248761 110
560.349016 110
560.746766 110
561.248784 110
561.349103 110
562.248895 110
562.348983 110
563.248966 110
563.349096 110
563.553845 110
564.248976 110
564.349212 110
565.249023 110
565.349092 110
566.249000 110
566.338650 110
566.349026 110
567.249039 110
567.349059 110
568.249131 110
568.349022 110
569.119892 110
569.249011 110
569.349130 110
570.248976 110
570.348988 110
571.248927 110
571.349085 110
571.932881 110
572.248915 110
572.349354 110
573.249117 110
573.349116 110
574.249108 110
574.349135 110
574.744902 110
575.249056 110
575.349232 110
576.249079 110
576.349279 110
577.249204 110
577.349387 110
577.554870 110
578.249087 110
578.349287 110
579.249154 110
579.349278 110
580.249111 110
580.338959 110
580.349160 110
581.249170 110
581.349365 110
582.249269 110
582.349115 110
583.152082 110
583.249208 110
583.349158 110
584.249199 110
584.349435 110
585.249164 110
585.349183 110
585.949968 110
586.249187 110
586.349574 110
587.249140 110
587.349434 110
588.249234 110
588.349365 110
588.742403 110
589.249248 110
589.349467 110
590.249275 110
590.349306 110
591.249250 110
591.349453 110
591.492061 110
592.249292 110
592.349429 110
593.249269 110
593.349325 110
594.249372 110
594.276693 110
594.349440 110
595.249365 110
595.349425 110
596.249339 110
596.349447 110
597.058145 110
597.249318 110
597.349411 110
598.249324 110
598.349551 110
599.249395 110
599.349442 110
599.808149 110
600.249398 110
600.349629 110
601.249453 110
601.349545 110
602.249410 110
602.349402 110
602.590201 110
603.249501 110
603.349457 110
604.249476 110
604.349511 110
605.249442 110
605.349587 110
605.369463 110
606.249416 110
606.349604 110
607.249490 110
607.349545 110
608.165690 110
608.249454 110
608.349547 110
609.249452 110
609.349712 110
610.249520 110
610.349690 110
610.950852 110
611.249586 110
611.349608 110
612.249497 110
612.349681 110
613.249544 110
613.349659 110
613.714607 110
614.249411 110
614.349691 110
615.249529 110
615.349621 110
616.249590 110
616.349601 110
616.496717 110
617.249558 110
617.349759 110
618.249578 110
618.349563 110
619.249579 110
619.273476 110
619.349625 110
619.944961 398
619.945075 318
620.249591 110
620.349823 110
621.249669 110
621.349931 110
622.059418 110
622.249665 110
622.349747 110
623.249628 110
623.349836 110
624.249718 110
624.349822 110
624.871164 110
625.249688 110
625.349949 110
626.249722 110
626.349784 110
627.249681 110
627.349899 110
627.652116 110
628.249740 110
628.349892 110
629.249615 110
629.349725 110
630.249725 110
630.349810 110
630.401133 110
631.249868 110
631.349694 110
632.249706 110
632.349832 110
633.147987 110
633.249818 110
633.350057 110
634.249767 110
634.349960 110
635.249825 110
635.349955 110
635.930223 110
636.249690 110
636.350120 110
637.249841 110
637.350052 110
638.249870 110
638.349930 110
638.722229 110
639.249823 110
639.349859 110
640.249849 110
640.350007 110
641.249860 110
641.349881 110
641.496015 110
642.249885 110
642.349893 110
643.249878 110
643.349845 110
644.249887 110
644.277082 110
644.350017 110
645.249942 110
645.349961 110
646.249899 110
646.350036 110
647.053431 110
647.249937 110
647.349992 110
648.249947 110
648.350024 110
649.249994 110
649.350174 110
649.880120 110
650.249971 110
650.350136 110
651.249990 110
651.350210 110
652.250031 110
652.350140 110
652.684204 110
653.250093 110
653.350142 110
654.250062 110
654.350376 110
655.250077 110
655.350156 110
655.464703 110
656.250089 110
656.350206 110
657.250101 110
657.349962 110
658.250133 110
658.273938 110
658.350270 110
659.249956 110
659.350034 110
660.250084 110
660.350239 110
661.056730 110
661.250094 110
661.350460 110
662.250166 110
662.350285 110
663.250127 110
663.350180 110
663.866771 110
664.250156 110
664.350179 110
665.250174 110
665.350301 110
666.250225 110
666.350348 110
666.684929 110
667.250223 110
667.350127 110
668.250180 110
668.350295 110
669.250222 110
669.350353 110
669.464475 110
670.250202 110
670.350455 110
671.250226 110
671.350399 110
672.214925 110
672.250242 110
672.350534 110
673.250218 110
673.350316 110
674.250257 110
674.350363 110
675.007688 110
675.250322 110
675.350275 110
676.250203 110
676.350393 110
677.250331 110
677.350604 110
677.773360 110
678.250309 110
678.350627 110
679.250328 110
679.350445 110
679.847829 382
679.847832 318
680.250315 110
680.350595 110
680.593303 110
681.250442 110
681.350532 110
682.250357 110
682.350562 110
683.250385 110
683.350527 110
683.370760 110
684.250445 110
684.350634 110
685.250480 110
685.350551 110
686.183130 110
686.250422 110
686.350549 110
687.250338 110
687.350685 110
688.250492 110
688.350471 110
688.992973 110
689.250452 110
689.350744 110
690.250501 110
690.350627 110
691.250501 110
691.350807 110
691.757009 110
692.250471 110
692.350609 110
693.250481 110
693.350594 110
694.250541 110
694.350703 110
694.560244 110
695.250618 110
695.350689 110
696.250578 110
696.350567 110
697.250538 110
697.339471 110
697.350684 110
698.250596 110
698.350628 110
699.250604 110
699.350806 110
700.121559 110
700.250571 110
700.350736 110
701.250588 110
701.350713 110
702.250693 110
702.350947 110
702.879280 110
703.250662 110
703.350829 110
704.250671 110
704.350844 110
705.250670 110
705.350644 110
705.631920 110
706.250714 110
706.350704 110
707.250646 110
707.350818 110
708.250726 110
708.350690 110
708.441298 110
709.250715 110
709.350926 110
710.250717 110
710.350704 110
711.198813 110
711.250718 110
711.350813 110
712.250747 110
712.350846 110
713.250757 110
713.350856 110
713.995911 110
714.250779 110
714.350845 110
715.250782 110
715.350950 110
716.250802 110
716.350956 110
716.786211 110
717.250791 110
717.351005 110
718.250690 110
718.350987 110
719.250812 110
719.350930 110
719.585900 110
720.250816 110
720.350988 110
721.250832 110
721.351031 110
722.250855 110
722.350925 110
722.405280 110
723.250868 110
723.351059 110
724.250936 110
724.351118 110
725.167234 110
725.250889 110
725.351009 110
726.250939 110
726.351039 110
727.250960 110
727.351138 110
727.918244 110
728.250981 110
728.350982 110
729.251015 110
729.351220 110
730.250999 110
730.351142 110
730.722535 110
731.251027 110
731.351142 110
732.250996 110
732.351208 110
733.251072 110
733.351223 110
733.476406 110
734.251041 110
734.351212 110
735.251037 110
735.351254 110
736.251048 110
736.279736 110
736.351277 110
737.251069 110
737.351109 110
738.251182 110
738.351286 110
739.075022 110
739.251133 110
739.351326 110
740.012301 494
740.012382 606
740.251117 110
740.351377 110
741.251128 110
741.351319 110
741.808348 110
742.251201 110
742.351318 110
743.251167 110
743.351358 110
744.251211 110
744.351353 110
744.567969 110
745.251298 110
745.351391 110
746.251211 110
746.351267 110
747.251251 110
747.335646 110
747.351194 110
748.251246 110
748.351348 110
749.251280 110
749.351421 110
750.090521 110
750.251287 110
750.351378 110
751.251259 110
751.351493 110
752.251314 110
752.351430 110
752.850828 110
753.251317 110
753.351439 110
754.251332 110
754.351388 110
755.251297 110
755.351491 110
755.589349 110
756.251255 110
756.351433 110
757.251389 110
757.351496 110
758.251314 110
758.351397 110
758.410054 110
759.251355 110
759.351492 110
760.251377 110
760.351454 110
761.179105 110
761.251508 110
761.351394 110
762.251450 110
762.351572 110
763.251461 110
763.351608 110
763.949975 110
764.251371 110
764.351595 110
765.251397 110
765.351651 110
766.251423 110
766.351524 110
766.695449 110
767.251545 110
767.351592 110
768.251509 110
768.351599 110
769.251569 110
769.351719 110
769.464568 110
770.251530 110
770.351718 110
771.251491 110
771.351641 110
772.223100 110
772.251638 110
772.351550 110
773.251661 110
773.351689 110
774.251543 110
774.351697 110
774.984760 110
775.251686 110
775.351661 110
776.251603 110
776.351953 110
777.251601 110
777.351718 110
777.746301 110
778.251655 110
778.351833 110
779.251658 110
779.351743 110
780.251788 110
780.351852 110
780.477156 110
781.251632 110
781.351804 110
782.251726 110
782.351899 110
783.247580 110
783.251732 110
783.351957 110
784.251784 110
784.351893 110
785.251799 110
785.351958 110
786.058998 110
786.251864 110
786.351812 110
787.251837 110
787.352011 110
788.251803 110
788.351960 110
788.839377 110
789.251894 110
789.352054 110
790.251921 110
790.352251 110
791.251897 110
791.352091 110
791.620805 110
792.251938 110
792.352071 110
793.251949 110
793.351923 110
794.252046 110
794.352063 110
794.352122 110
795.251989 110
795.352300 110
796.252100 110
796.352092 110
797.121519 110
797.252012 110
797.352389 110
798.252030 110
798.352179 110
799.252048 110
799.352170 110
799.925446 350
799.925449 110
799.925476 238
800.251940 110
800.352109 110
801.252143 110
801.352305 110
802.252069 110
802.352283 110
802.685047 110
803.252184 110
803.352226 110
804.252085 110
804.352260 110
805.252141 110
805.352372 110
805.435071 110
806.252124 110
806.352092 110
807.252209 110
807.352241 110
808.242513 110
808.252110 110
808.352260 110
809.252071 110
809.352244 110
810.252249 110
810.352128 110
811.011269 110
811.252241 110
811.352381 110
812.252256 110
812.352398 110
813.252283 110
813.352450 110
813.778440 110
814.252240 110
814.352596 110
815.252528 110
815.352287 110
816.252269 110
816.352652 110
816.495988 110
817.252367 110
817.352401 110
818.252334 110
818.352333 110
819.230928 110
819.252341 110
819.352499 110
820.252392 110
820.352580 110
821.252444 110
821.352597 110
822.024645 110
822.252448 110
822.352619 110
823.252364 110
823.352369 110
824.252287 110
824.352535 110
824.757297 110
825.252302 110
825.352685 110
826.252422 110
826.352561 110
827.252441 110
827.352610 110
827.561575 110
828.252535 110
828.352751 110
829.252554 110
829.352560 110
830.252494 110
830.308913 110
830.352706 110
831.252553 110
831.352577 110
832.252600 110
832.352785 110
833.059854 110
833.252578 110
833.352662 110
834.252591 110
834.352751 110
835.252669 110
835.352679 110
835.837789 110
836.252700 110
836.352675 110
837.252595 110
837.352769 110
838.252608 110
838.352650 110
838.570054 110
839.252630 110
839.352802 110
840.252654 110
840.352869 110
841.252665 110
841.340884 110
841.352735 110
842.252737 110
842.352890 110
843.252693 110
843.352832 110
844.153406 110
844.252726 110
844.352884 110
845.252737 110
845.352885 110
846.252827 110
846.352989 110
846.903177 110
847.252778 110
847.352857 110
848.252836 110
848.352777 110
849.252868 110
849.352844 110
849.693323 110
850.252805 110
850.352902 110
851.252772 110
851.352956 110
852.252772 110
852.352861 110
852.446795 110
853.252852 110
853.352967 110
854.252836 110
854.353078 110
855.216963 110
855.252908 110
855.353121 110
856.252943 110
856.352947 110
857.252953 110
857.352988 110
857.967730 110
858.252921 110
858.352931 110
859.253059 110
859.352989 110
860.081395 366
860.081468 238
860.252943 110
860.353087 110
860.715168 110
861.252993 110
861.353078 110
862.252898 110
862.353105 110
863.252985 110
863.353013 110
863.506677 110
864.253052 110
864.353237 110
865.253006 110
865.353243 110
866.211307 110
866.253035 110
866.353267 110
867.253061 110
867.353241 110
868.252999 110
868.353166 110
868.996250 110
869.252970 110
869.353362 110
870.252976 110
870.353152 110
871.253045 110
871.353151 110
871.759547 110
872.253068 110
872.353127 110
873.253062 110
873.353151 110
874.253074 110
874.353199 110
874.497012 110
875.253230 110
875.353127 110
876.253194 110
876.353300 110
877.253177 110
877.270487 110
877.353378 110
878.253361 110
878.353314 110
879.253259 110
879.353297 110
880.023735 110
880.253328 110
880.353305 110
881.253283 110
881.353335 110
882.253303 110
882.353316 110
882.777985 110
883.253306 110
883.353557 110
884.253332 110
884.353421 110
885.253393 110
885.353412 110
885.571104 110
886.253370 110
886.353491 110
887.253394 110
887.353398 110
888.253436 110
888.336196 110
888.353287 110
889.253417 110
889.353485 110
890.253371 110
890.353492 110
891.121687 110
891.253393 110
891.353410 110
892.253477 110
892.353474 110
893.253445 110
893.353505 110
893.902575 110
894.253482 110
894.353422 110
895.253456 110
895.353470 110
896.253419 110
896.353529 110
896.683793 110
897.253486 110
897.353482 110
898.253506 110
898.353520 110
899.253479 110
899.353441 110
899.414038 110
900.253565 110
900.353605 110
901.253581 110
901.353510 110
902.184418 110
902.253549 110
902.353564 110
903.253613 110
903.353611 110
904.253606 110
904.353595 110
904.996882 110
905.253765 110
905.353679 110
906.253665 110
906.353618 110
907.253672 110
907.353681 110
907.747144 110
908.253744 110
908.353648 110
909.253709 110
909.353731 110
910.253737 110
910.353640 110
910.496743 110
911.253774 110
911.353695 110
912.253799 110
912.353659 110
913.253760 110
913.273412 110
913.353664 110
914.253725 110
914.353680 110
915.253795 110
915.353731 110
916.044181 110
916.253763 110
916.353750 110
917.253773 110
917.353778 110
918.253748 110
918.353797 110
918.847611 110
919.253864 110
919.353908 110
920.015597 398
920.015688 238
920.253834 110
920.353780 110
921.253943 110
921.353916 110
921.621774 110
922.253914 110
922.353913 110
923.253938 110
923.353912 110
924.253922 110
924.353958 110
924.403645 110
925.253896 110
925.353975 110
926.253922 110
926.353963 110
927.150715 110
927.253999 110
927.353946 110
928.253943 110
928.354020 110
929.253963 110
929.353952 110
929.915639 110
930.253965 110
930.354025 110
931.253995 110
931.354123 110
932.254051 110
932.354172 110
932.718883 110
933.254118 110
933.354159 110
934.254100 110
934.354166 110
935.254094 110
935.354086 110
935.435247 110
936.254066 110
936.354068 110
937.254068 110
937.354267 110
938.181562 110
938.254197 110
938.354084 110
939.253979 110
939.354224 110
940.254137 110
940.354362 110
940.944801 110
941.254170 110
941.354115 110
942.254176 110
942.354399 110
943.254245 110
943.354308 110
943.728525 110
944.254211 110
944.354479 110
945.254180 110
945.354353 110
946.254260 110
946.354372 110
946.499184 110
947.254273 110
947.354349 110
948.254300 110
948.354246 110
949.248277 110
949.254244 110
949.354346 110
950.254229 110
950.354487 110
951.254227 110
951.354317 110
951.996406 110
952.254310 110
952.354487 110
953.254295 110
953.354523 110
954.254308 110
954.354348 110
954.787678 110
955.254336 110
955.354352 110
956.254266 110
956.354484 110
957.254299 110
957.354517 110
957.508838 110
958.254296 110
958.354376 110
959.254310 110
959.354510 110
960.254543 110
960.280682 110
960.354430 110
961.254369 110
961.354545 110
962.254340 110
962.354444 110
962.997119 110
963.254335 110
963.354485 110
964.254355 110
964.354510 110
965.254375 110
965.354432 110
965.747192 110
966.254377 110
966.354539 110
967.254464 110
967.354507 110
968.254456 110
968.354503 110
968.536492 110
969.254428 110
969.354510 110
970.254484 110
970.354550 110
971.254506 110
971.305765 110
971.354804 110
972.254511 110
972.354681 110
973.254487 110
973.354706 110
974.059604 110
974.254512 110
974.354954 110
975.254528 110
975.354636 110
976.254624 110
976.354625 110
976.821217 110
977.254575 110
977.354701 110
978.254596 110
978.354795 110
979.254664 110
979.354940 110
979.590683 110
979.925734 398
979.925792 238
980.254598 110
980.355086 110
981.254702 110
981.355055 110
982.254763 110
982.354925 110
982.412197 110
983.254702 110
983.354771 110
984.254692 110
984.354879 110
985.180720 110
985.254656 110
985.354909 110
986.254772 110
986.355029 110
987.254806 110
987.355141 110
987.933979 110
988.254690 110
988.354959 110
989.254902 110
989.354851 110
990.254832 110
990.354809 110
990.696998 110
991.254812 110
991.354964 110
992.254897 110
992.354890 110
993.254910 110
993.355097 110
993.434265 110
994.254924 110
994.355176 110
995.254920 110
995.355022 110
996.225404 110
996.254923 110
996.354934 110
997.255073 110
997.355108 110
998.254937 110
998.355037 110
998.985181 110
999.255018 110
999.354962 110
1000.254983 110
1000.355098 110
1001.254992 110
1001.355019 110
1001.747742 110
1002.255031 110
1002.355196 110
1003.255043 110
1003.355023 110
1004.255103 110
1004.355329 110
1004.541391 110
1005.255063 110
1005.355181 110
1006.255082 110
1006.355184 110
1007.255079 110
1007.310718 110
1007.355368 110
1008.255022 110
1008.355044 110
1009.255165 110
1009.355352 110
1010.059728 110
1010.255124 110
1010.355273 110
1011.255191 110
1011.355306 110
1012.255157 110
1012.355284 110
1012.810101 110
1013.255345 110
1013.355378 110
1014.255175 110
1014.355366 110
1015.255191 110
1015.355353 110
1015.591035 110
1016.255225 110
1016.355417 110
1017.255235 110
1017.355165 110
1018.255247 110
1018.339795 110
1018.355173 110
1019.255330 110
1019.355386 110
1020.255239 110
1020.355470 110
1021.075471 110
1021.255288 110
1021.355601 110
1022.255323 110
1022.355660 110
1023.255299 110
1023.355504 110
1023.877678 110
1024.255327 110
1024.355450 110
1025.255483 110
1025.355490 110
1026.255626 110
1026.355408 110
1026.653821 110
1027.255472 110
1027.355678 110
1028.255326 110
1028.355528 110
1029.255427 110
1029.355497 110
1029.404703 110
1030.255469 110
1030.355719 110
1031.255492 110
1031.355542 110
1032.149682 110
1032.255557 110
1032.355533 110
1033.255505 110
1033.355603 110
1034.255529 110
1034.355594 110
1034.883926 110
1035.255582 110
1035.355755 110
1036.255547 110
1036.355616 110
1037.255553 110
1037.355868 110
1037.685939 110
1038.255535 110
1038.355659 110
1039.255588 110
1039.355566 110
1040.081455 366
1040.081583 238
1040.255552 110
1040.355771 110
1040.434816 110
1041.255632 110
1041.355640 110
1042.255615 110
1042.355801 110
1043.184712 110
1043.255692 110
1043.355744 110
1044.255639 110
1044.355812 110
1045.255734 110
1045.355734 110
1045.993157 110
1046.255745 110
1046.355812 110
1047.255716 110
1047.355802 110
1048.255619 110
1048.355914 110
1048.758923 110
1049.255803 110
1049.355858 110
1050.255741 110
1050.355939 110
1051.255713 110
1051.356001 110
1051.561619 110
1052.255632 110
1052.355775 110
1053.255736 110
1053.355919 110
1054.255812 110
1054.310132 110
1054.355949 110
1055.255829 110
1055.355774 110
1056.255792 110
1056.355885 110
1057.091025 110
1057.255805 110
1057.355931 110
1058.255719 110
1058.355946 110
1059.255842 110
1059.355867 110
1059.850102 110
1060.255737 110
1060.356113 110
1061.255809 110
1061.356026 110
1062.255942 110
1062.355933 110
1062.571554 110
1063.255886 110
1063.356050 110
1064.255975 110
1064.356060 110
1065.255989 110
1065.343659 110
1065.355995 110
1066.255892 110
1066.355910 110
1067.255954 110
1067.356061 110
1068.137937 110
1068.255844 110
1068.356057 110
1069.256068 110
1069.356005 110
1070.255967 110
1070.356105 110
1070.872380 110
1071.255993 110
1071.356038 110
1072.256016 110
1072.356143 110
1073.255996 110
1073.356014 110
1073.693395 110
1074.256045 110
1074.356068 110
1075.256015 110
1075.356116 110
1076.256121 110
1076.355997 110
1076.415164 110
1077.255977 110
1077.356410 110
1078.256098 110
1078.356269 110
1079.199220 110
1079.256139 110
1079.356191 110
1080.256019 110
1080.356209 110
1081.256075 110
1081.356288 110
1081.933957 110
1082.256167 110
1082.356323 110
1083.256186 110
1083.356378 110
1084.256191 110
1084.356407 110
1084.716543 110
1085.256080 110
1085.356242 110
1086.256210 110
1086.356135 110
1087.256128 110
1087.356381 110
1087.474171 110
1088.256144 110
1088.356162 110
1089.256248 110
1089.356420 110
1090.212334 110
1090.256357 110
1090.356286 110
1091.256344 110
1091.356491 110
1092.256397 110
1092.356435 110
1092.951746 110
1093.256298 110
1093.356481 110
1094.256249 110
1094.356427 110
1095.256268 110
1095.356545 110
1095.728951 110
1096.256423 110
1096.356497 110
1097.256361 110
1097.356553 110
1098.256362 110
1098.356539 110
1098.479053 110
1099.256429 110
1099.356551 110
1099.981175 398
1099.981206 238
1100.256394 110
1100.356595 110
1101.256384 110
1101.287172 110
1101.356460 110
1102.256431 110
1102.356510 110
1103.256478 110
1103.356734 110
1104.024682 110
1104.256498 110
1104.356559 110
1105.256543 110
1105.356510 110
1106.256491 110
1106.356644 110
1106.779866 110
1107.256534 110
1107.356682 110
1108.256459 110
1108.356623 110
1109.256517 110
1109.356691 110
1109.572767 110
1110.256597 110
1110.356878 110
1111.256554 110
1111.356608 110
1112.256561 110
1112.341252 110
1112.356595 110
1113.256610 110
1113.356745 110
1114.256595 110
1114.356916 110
1115.061488 110
1115.256508 110
1115.356962 110
1116.256677 110
1116.356747 110
1117.256740 110
1117.356838 110
1117.842583 110
1118.256696 110
1118.356677 110
1119.256754 110
1119.356699 110
1120.256684 110
1120.356720 110
1120.575718 110
1121.256735 110
1121.356743 110
1122.256662 110
1122.356870 110
1123.256826 110
1123.306194 110
1123.356757 110
1124.256730 110
1124.356801 110
1125.256812 110
1125.356896 110
1126.061328 110
1126.256830 110
1126.356904 110
1127.256865 110
1127.356977 110
1128.256732 110
1128.357000 110
1128.850899 110
1129.256920 110
1129.356971 110
1130.256859 110
1130.357034 110
1131.256835 110
1131.357037 110
1131.592764 110
1132.256951 110
1132.357038 110
1133.256867 110
1133.357054 110
1134.256926 110
1134.356976 110
1134.358837 110
1135.256895 110
1135.357072 110
1136.256854 110
1136.357068 110
1137.134112 110
1137.256919 110
1137.357045 110
1138.257016 110
1138.357038 110
1139.256970 110
1139.357036 110
1139.885664 110
1140.256989 110
1140.357093 110
1141.257043 110
1141.357035 110
1142.257036 110
1142.357266 110
1142.687608 110
1143.257104 110
1143.357082 110
1144.257069 110
1144.357182 110
1145.257174 110
1145.357256 110
1145.420197 110
1146.257097 110
1146.357227 110
1147.257143 110
1147.357212 110
1148.153816 110
1148.257005 110
1148.357080 110
1149.257144 110
1149.357207 110
1150.257202 110
1150.357232 110
1150.912091 110
1151.257212 110
1151.357241 110
1152.257203 110
1152.357123 110
1153.257291 110
1153.357293 110
1153.635603 110
1154.257142 110
1154.357239 110
1155.257309 110
1155.357294 110
1156.257239 110
1156.357395 110
1156.374935 110
1157.257141 110
1157.357230 110
1158.257249 110
1158.357324 110
1159.138410 110
1159.257246 110
1159.357257 110
1159.895343 366
1159.895371 238
1160.257251 110
1160.357298 110
1161.257230 110
1161.357256 110
1161.905074 110
1162.257194 110
1162.357317 110
1163.257232 110
1163.357285 110
1164.257230 110
1164.357356 110
1164.725483 110
1165.257335 110
1165.357310 110
1166.257308 110
1166.357333 110
1167.257230 110
1167.357273 110
1167.446911 110
1168.257247 110
1168.357388 110
1169.257374 110
1169.357427 110
1170.203085 110
1170.257374 110
1170.357307 110
1171.257304 110
1171.357363 110
1172.257342 110
1172.357370 110
1172.965197 110
1173.257329 110
1173.357383 110
1174.257373 110
1174.357404 110
1175.257349 110
1175.357387 110
1175.701048 110
1176.257432 110
1176.357439 110
1177.257496 110
1177.357476 110
1178.257464 110
1178.357451 110
1178.475300 110
1179.257474 110
1179.357451 110
1180.257531 110
1180.357512 110
1181.244731 110
1181.257467 110
1181.357519 110
1182.257442 110
1182.357505 110
1183.257722 110
1183.357533 110
1183.968967 110
1184.257529 110
1184.357614 110
1185.257488 110
1185.357542 110
1186.257551 110
1186.357909 110
1186.730003 110
1187.257684 110
1187.357677 110
1188.257690 110
1188.357655 110
1189.257533 110
1189.357636 110
1189.451418 110
1190.257643 110
1190.357721 110
1191.257685 110
1191.357753 110
1192.224676 110
1192.257672 110
1192.357839 110
1193.257782 110
1193.357743 110
1194.257786 110
1194.357792 110
1195.002786 110
1195.257786 110
1195.357764 110
1196.257735 110
1196.357687 110
1197.257726 110
1197.358001 110
1197.764185 110
1198.257779 110
1198.357856 110
1199.257750 110
1199.357910 110
1200.257796 110
1200.357902 110
1200.541515 110
1201.257846 110
1201.357885 110
1202.257823 110
1202.357807 110
1203.257866 110
1203.280595 110
1203.357953 110
1204.257839 110
1204.358022 110
1205.257879 110
1205.358195 110
1206.061166 110
1206.257816 110
1206.358013 110
1207.257944 110
1207.358014 110
1208.257993 110
1208.357949 110
1208.826307 110
1209.257971 110
1209.358081 110
1210.257936 110
1210.357923 110
1211.258018 110
1211.358133 110
1211.566528 110
1212.257885 110
1212.358048 110
1213.257999 110
1213.358101 110
1214.258067 110
1214.358114 110
1214.358114 110
1215.258078 110
1215.358029 110
1216.258045 110
1216.358217 110
1217.123057 110
1217.258126 110
1217.358053 110
1218.258076 110
1218.358174 110
1219.258058 110
1219.358070 110
1219.855594 110
1220.051768 318
1220.051771 238
1220.258060 110
1220.358188 110
1221.258142 110
1221.358207 110
1222.258089 110
1222.358225 110
1222.608323 110
1223.258130 110
1223.358185 110
1224.258212 110
1224.358296 110
1225.258140 110
1225.342875 110
1225.358233 110
1226.258176 110
1226.358195 110
1227.258193 110
1227.358257 110
1228.120411 110
1228.258188 110
1228.358354 110
1229.258243 110
1229.358122 110
1230.258225 110
1230.358342 110
1230.854394 110
1231.258215 110
1231.358380 110
1232.258234 110
1232.358217 110
1233.258300 110
1233.358454 110
1233.608628 110
1234.258169 110
1234.358416 110
1235.258276 110
1235.358261 110
1236.258293 110
1236.358279 110
1236.358299 110
1237.258315 110
1237.358339 110
1238.258325 110
1238.358340 110
1239.107575 110
1239.258400 110
1239.358321 110
1240.258348 110
1240.358373 110
1241.258350 110
1241.358378 110
1241.881843 110
1242.258372 110
1242.358501 110
1243.258419 110
1243.358404 110
1244.258398 110
1244.358523 110
1244.603076 110
1245.258418 110
1245.358373 110
1246.258426 110
1246.358372 110
1247.258475 110
1247.343886 110
1247.358502 110
1248.258361 110
1248.358497 110
1249.258531 110
1249.358505 110
1250.138683 110
1250.258506 110
1250.358662 110
1251.258596 110
1251.358619 110
1252.258562 110
1252.358513 110
1252.889382 110
1253.258524 110
1253.358533 110
1254.258648 110
1254.358515 110
1255.258546 110
1255.358629 110
1255.632068 110
1256.258602 110
1256.358601 110
1257.258674 110
1257.358582 110
1258.258487 110
1258.358530 110
1258.358561 110
1259.258587 110
1259.358567 110
1260.258550 110
1260.358605 110
1261.091596 110
1261.258526 110
1261.358617 110
1262.258567 110
1262.358601 110
1263.258541 110
1263.358680 110
1263.853636 110
1264.258736 110
1264.358650 110
1265.258582 110
1265.358734 110
1266.258614 110
1266.358756 110
1266.575763 110
1267.258704 110
1267.358597 110
1268.258740 110
1268.358693 110
1269.258770 110
1269.350177 110
1269.358648 110
1270.258749 110
1270.358709 110
1271.258692 110
1271.358711 110
1272.087766 110
1272.258648 110
1272.358755 110
1273.258792 110
1273.358771 110
1274.258759 110
1274.358837 110
1274.851855 110
1275.258869 110
1275.358990 110
1276.258792 110
1276.358801 110
1277.258786 110
1277.358816 110
1277.576137 110
1277.927671 126
1278.258938 110
1278.358818 110
1279.258997 110
1279.359052 110
1279.948100 462
1279.948169 238
1280.258890 110
1280.310700 110
1280.359005 110
1281.258928 110
1281.358886 110
1282.258930 110
1282.359085 110
1283.029532 110
1283.258863 110
1283.359097 110
1284.258982 110
1284.359183 110
1285.258940 110
1285.359089 110
1285.796134 110
1286.259000 110
1286.359059 110
1287.259022 110
1287.359077 110
1288.258997 110
1288.358979 110
1288.510499 110
1288.720199 1198
1288.720204 782
1288.720486 830
1288.720819 974
1288.721206 750
1288.721658 1086
1288.722100 1198
1288.722114 1198
1288.722127 254
1288.722428 542
1288.722827 1198
1288.722842 686
1288.723070 766
1288.723627 1198
1288.723643 462
1288.979682 158
1288.979686 142
1288.979748 158
1288.979866 158
1288.980387 1198
1288.980404 1198
1288.980418 1198
1288.980433 286
1289.061285 110
1289.251968 158
1289.252035 142
1289.252071 142
1289.252178 142
1289.252274 158
1289.258984 110
1289.341003 110
1289.359103 110
1289.606691 110
1290.259059 110
1290.359121 110
1291.259117 110
1291.359196 110
1292.259153 110
1292.359237 110
1292.359239 110
1293.259102 110
1293.359144 110
1294.259128 110
1294.359125 110
1295.092315 110
1295.259111 110
1295.359221 110
1296.259125 110
1296.359319 110
1297.259257 110
1297.359300 110
1297.883057 110
1298.259133 110
1298.359284 110
1299.259124 110
1299.359196 110
1300.259236 110
1300.359231 110
1300.604998 110
1301.259245 110
1301.359149 110
1302.259233 110
1302.359178 110
1303.259311 110
1303.344372 110
1303.359239 110
1304.259307 110
1304.359267 110
1305.259304 110
1305.359330 110
1306.138769 110
1306.259257 110
1306.359275 110
1307.259263 110
1307.359285 110
1308.259243 110
1308.359312 110
1308.884392 110
1309.259276 110
1309.359352 110
1310.259293 110
1310.359326 110
1311.259312 110
1311.359472 110
1311.695461 110
1312.259512 110
1312.359450 110
1313.259381 110
1313.359554 110
1314.259367 110
1314.359485 110
1314.416673 110
1315.259368 110
1315.359342 110
1316.259418 110
1316.359668 110
1317.155813 110
1317.259394 110
1317.359616 110
1318.259325 110
1318.359518 110
1319.259458 110
1319.359385 110
1319.934717 110
1320.259500 110
1320.359489 110
1321.259419 110
1321.359597 110
1322.259589 110
1322.359622 110
1322.700918 110
1323.259552 110
1323.359671 110
1324.259496 110
1324.359635 110
1325.259542 110
1325.359613 110
1325.476156 110
1326.259455 110
1326.359662 110
1327.259656 110
1327.359709 110
1328.213281 110
1328.259643 110
1328.359590 110
1329.259623 110
1329.359677 110
1330.259576 110
1330.359597 110
1330.936689 110
1331.259624 110
1331.359722 110
1332.259644 110
1332.359754 110
1333.259665 110
1333.359634 110
1333.698149 110
1334.259661 110
1334.359814 110
1335.259639 110
1335.359862 110
1336.259692 110
1336.359652 110
1336.421005 110
1337.259760 110
1337.359869 110
1338.259598 110
1338.359892 110
1339.186224 110
1339.259693 110
1339.359823 110
1339.857593 494
1339.857672 478
1340.259726 110
1340.359823 110
1341.259726 110
1341.359922 110
1341.969881 110
1342.259735 110
1342.359794 110
1343.259827 110
1343.359861 110
1344.259762 110
1344.359797 110
1344.702827 110
1345.259781 110
1345.359964 110
1346.259797 110
1346.359875 110
1347.259800 110
1347.359945 110
1347.478605 110
1348.259836 110
1348.359803 110
1349.259883 110
1349.359922 110
1350.217302 110
1350.259871 110
1350.359893 110
1351.259952 110
1351.359850 110
1352.259871 110
1352.360063 110
1352.955501 110
1353.259892 110
1353.360061 110
1354.259878 110
1354.360019 110
1355.259966 110
1355.360015 110
1355.733150 110
1356.260212 110
1356.360096 110
1357.259898 110
1357.360028 110
1358.260089 110
1358.360033 110
1358.480603 110
1359.260074 110
1359.360017 110
1360.260040 110
1360.360031 110
1361.245026 110
1361.260015 110
1361.359961 110
1362.260105 110
1362.360160 110
1363.260061 110
1363.360037 110
1363.966063 110
1364.259979 110
1364.360060 110
1365.260057 110
1365.360142 110
1366.259946 110
1366.360101 110
1366.720898 110
1367.260110 110
1367.360157 110
1368.260112 110
1368.360172 110
1369.260203 110
1369.360298 110
1369.482849 110
1370.260037 110
1370.360120 110
1371.260058 110
1371.360312 110
1372.217257 110
1372.260132 110
1372.360174 110
1373.260157 110
1373.360222 110
1374.260164 110
1374.360157 110
1374.947146 110
1375.260097 110
1375.360220 110
1376.260164 110
1376.360247 110
1377.260139 110
1377.360286 110
1377.666118 110
1378.260321 110
1378.360352 110
1379.260227 110
1379.360251 110
1380.260138 110
1380.360365 110
1380.391891 110
1381.260154 110
1381.360363 110
1382.260297 110
1382.360308 110
1383.123834 110
1383.260283 110
1383.360353 110
1384.260368 110
1384.360233 110
1385.260403 110
1385.360415 110
1385.858271 110
1386.260414 110
1386.360392 110
1387.260418 110
1387.360349 110
1388.260395 110
1388.360591 110
1388.600373 110
1389.260483 110
1389.360563 110
1390.260393 110
1390.360617 110
1391.260400 110
1391.339412 110
1391.360557 110
1392.260487 110
1392.360425 110
1393.260476 110
1393.360373 110
1394.060952 110
1394.260332 110
1394.360571 110
1395.260498 110
1395.360474 110
1396.260540 110
1396.360378 110
1396.821050 110
1397.260460 110
1397.360587 110
1398.260489 110
1398.360635 110
1399.260430 110
1399.360490 110
1399.545354 110
1400.021077 334
1400.021204 318
1400.260438 110
1400.360462 110
1401.260508 110
1401.360586 110
1402.260451 110
1402.320376 110
1402.360714 110
1403.260538 110
1403.360657 110
1404.260491 110
1404.360699 110
1405.088661 110
1405.260486 110
1405.360603 110
1406.260605 110
1406.360712 110
1407.260536 110
1407.360771 110
1407.858161 110
1408.260612 110
1408.360814 110
1409.260535 110
1409.360795 110
1410.260602 110
1410.360782 110
1410.636538 110
1411.260584 110
1411.360659 110
1412.260588 110
1412.360715 110
1413.260699 110
1413.360889 110
1413.420466 110
1414.260672 110
1414.360753 110
1415.260648 110
1415.360730 110
1416.155716 110
1416.260669 110
1416.360944 110
1417.260665 110
1417.360881 110
1418.260733 110
1418.360865 110
1418.921215 110
1419.260674 110
1419.360921 110
1420.260722 110
1420.360897 110
1421.260739 110
1421.360938 110
1421.639255 110
1422.260795 110
1422.361026 110
1423.260758 110
1423.361074 110
1424.261078 110
1424.360981 110
1424.386719 110
1425.260785 110
1425.361006 110
1426.260770 110
1426.361006 110
1427.124664 110
1427.260910 110
1427.360995 110
1428.260836 110
1428.360951 110
1429.260900 110
1429.361033 110
1429.856631 110
1430.260907 110
1430.361079 110
1431.260965 110
1431.361034 110
1432.261042 110
1432.361078 110
1432.577353 110
1433.260996 110
1433.361069 110
1434.261042 110
1434.360940 110
1435.261009 110
1435.312590 110
1435.361081 110
1436.260983 110
1436.361490 110
1437.261078 110
1437.361139 110
1438.012083 110
1438.261097 110
1438.361150 110
1439.261016 110
1439.361162 110
1440.261152 110
1440.361215 110
1440.759889 110
1441.261136 110
1441.361144 110
1442.261154 110
1442.361062 110
1443.261196 110
1443.361084 110
1443.485629 110
1444.261154 110
1444.361209 110
1445.261137 110
1445.361351 110
1446.249917 110
1446.261126 110
1446.361208 110
1447.261117 110
1447.361283 110
1448.261200 110
1448.361307 110
1448.965578 110
1449.261293 110
1449.361305 110
1450.261234 110
1450.361355 110
1451.261107 110
1451.361292 110
1451.726663 110
1452.261250 110
1452.361275 110
1453.261233 110
1453.361328 110
1454.261301 110
1454.361329 110
1454.449064 110
1455.261288 110
1455.361435 110
1456.261278 110
1456.361226 110
1457.187661 110
1457.261285 110
1457.361444 110
1458.261274 110
1458.361454 110
1459.261360 110
1459.361400 110
1459.925129 318
1459.925259 430
1459.934917 110
1460.261292 110
1460.361368 110
1461.261509 110
1461.361432 110
1462.261305 110
1462.361358 110
1462.674016 110
1463.261372 110
1463.361409 110
1464.261275 110
1464.361418 110
1465.261281 110
1465.361501 110
1465.414355 110
1466.261407 110
1466.361401 110
1467.261409 110
1467.361401 110
1468.103609 110
1468.261322 110
1468.361479 110
1469.261491 110
1469.361463 110
1470.261512 110
1470.361507 110
1470.858499 110
1471.030229 110
1471.092766 110
1471.261409 110
1471.361424 110
1472.261506 110
1472.361602 110
1473.261531 110
1473.361646 110
1473.574489 110
1474.261597 110
1474.361625 110
1475.261674 110
1475.361736 110
1476.261519 110
1476.311941 110
1476.361556 110
1477.261635 110
1477.361654 110
1478.261645 110
1478.361640 110
1479.059358 110
1479.261625 110
1479.361624 110
1480.261498 110
1480.361611 110
1481.261682 110
1481.361616 110
1481.827270 110
1482.261716 110
1482.361628 110
1483.261628 110
1483.361790 110
1484.261594 110
1484.361727 110
1484.545969 110
1485.261682 110
1485.361610 110
1486.261658 110
1486.361708 110
1487.261607 110
1487.292886 110
1487.361709 110
1488.261761 110
1488.361826 110
1489.261817 110
1489.361716 110
1490.030612 110
1490.261769 110
1490.361808 110
1491.261828 110
1491.361708 110
1492.261738 110
1492.361737 110
1492.767779 110
1493.261762 110
1493.361956 110
1494.261740 110
1494.361875 110
1495.261886 110
1495.361910 110
1495.514914 110
1496.261810 110
1496.361777 110
1497.261731 110
1497.362054 110
1498.261764 110
1498.288107 110
1498.361937 110
1499.261843 110
1499.362037 110
1500.261892 110
1500.362015 110
1501.057139 110
1501.261963 110
1501.361928 110
1502.261963 110
1502.361947 110
1503.261948 110
1503.362024 110
1503.829043 110
1504.261949 110
1504.361901 110
1505.262016 110
1505.362143 110
1506.261998 110
1506.362116 110
1506.548269 110
1507.261954 110
1507.361994 110
1508.261994 110
1508.362023 110
1509.262077 110
1509.280617 110
1509.362051 110
1510.261945 110
1510.362123 110
1511.262038 110
1511.362019 110
1511.999963 110
1512.262059 110
1512.362129 110
1513.262115 110
1513.362010 110
1514.262072 110
1514.362218 110
1514.757148 110
1515.262130 110
1515.362193 110
1516.262115 110
1516.362200 110
1517.261980 110
1517.362187 110
1517.479449 110
1518.262033 110
1518.362239 110
1519.262183 110
1519.362257 110
1520.084045 446
1520.084083 318
1520.235990 110
1520.262144 110
1520.362225 110
1521.262042 110
1521.362341 110
1522.262078 110
1522.362385 110
1523.000100 110
1523.262237 110
1523.362215 110
1524.262209 110
1524.362369 110
1525.262153 110
1525.362363 110
1525.754818 110
1526.262204 110
1526.362308 110
1527.262145 110
1527.362364 110
1528.262288 110
1528.362387 110
1528.539894 110
1529.262316 110
1529.362349 110
1530.262297 110
1530.362386 110
1531.262381 110
1531.292084 110
1531.362409 110
1532.262358 110
1532.362494 110
1533.262323 110
1533.362283 110
1534.030853 110
1534.262387 110
1534.362521 110
1535.262319 110
1535.362555 110
1536.262276 110
1536.362340 110
1536.761949 110
1537.262382 110
1537.362514 110
1538.262272 110
1538.362529 110
1539.262410 110
1539.362419 110
1539.484294 110
1540.262456 110
1540.362557 110
1541.262430 110
1541.362501 110
1542.203022 110
1542.262449 110
1542.362542 110
1543.262455 110
1543.362579 110
1544.262464 110
1544.362561 110
1544.970261 110
1545.262401 110
1545.362593 110
1546.262511 110
1546.362497 110
1547.262520 110
1547.362627 110
1547.702766 110
1548.262397 110
1548.362784 110
1549.262561 110
1549.362708 110
1550.262430 110
1550.362771 110
1550.449612 110
1551.262579 110
1551.362719 110
1552.262551 110
1552.362691 110
1553.202426 110
1553.262606 110
1553.362598 110
1554.262639 110
1554.362666 110
1555.262650 110
1555.362794 110
1555.939544 110
1556.262666 110
1556.362896 110
1557.262573 110
1557.362815 110
