0 0 0.835970394244264 1.68691474334964 1.49300533046373 1.56413356477274 1.37856097581989 
0 0 1.05200248287281 0.833947008798773 0 0 0.913681605612966 1.36953286955195 1.9853378401386 1.76517405750731 1.72100173169302 
0 0 0.736620199639056 1.84590352652452 2.01885703337724 1.2714007267285 1.21825691005412 
0 0 0.863277072113671 1.23189958231778 0.831178597406604 1.2740518047392 1.73371722408912 
0 0 0.978132503849232 1.25974820912747 1.17415227657529 1.29279191499156 1.20231310864128 
0 0 0.849476040810684 1.24933220485424 0.788240733637224 1.34037634476978 1.27379252258155 
0 0 0.790825350082195 0.960455778648525 1.07336495317537 1.13371943947464 1.26644769905547 
0 0 0.940662950015569 1.33416547042686 1.02661662630426 1.21020931700895 1.30505366361176 
0 0 0.878598924553405 1.58501972718758 0.99137517594879 1.37611625686821 1.18108684352281 
0 0 0.903642627135437 0.840066806181254 1.54812535307707 1.75795231095479 1.36226886657184 
0 0 0.850120143639033 1.97787199092184 1.00619159228373 1.73872727742658 1.54761540414991 
0 0 0.886816363822098 1.84796957865419 1.57087120856255 1.46306316433361 1.42345658398219 
0 0 0.406258628208668 0.795000121025691 0.859901070728645 0.900130010309748 1.19874838923011 
0 0 0.906387243646049 1.84266044827095 1.38743318458797 1.20735680301818 1.44940941514232 
0 0 1.05849602399837 1.85574763312723 1.36176425098021 1.16604109376045 1.51443918541095 
